0.889369 0.163464 
0.307943 0.0584743 
0.451528 0.771479 
0.630421 0.433071 
0.190657 0.316331 
0.259951 0.00956895 
0.522077 0.664018 
0.587873 0.583567 
0.715238 0.368873 
0.305738 0.000127634 
0.39592 0.677032 
0.180744 0.109165 
0.412683 0.577317 
0.674726 0.455136 
0.236868 0.220524 
0.200045 0.216555 
0.0869949 0.0080661 
0.505936 0.652083 
0.69296 0.0017183 
0.833702 0.0299246 
0.903044 0.04591 
0.331165 0.56006 
0.413194 0.146969 
0.392757 0.544943 
0.165865 0.0634718 
0.78365 0.368792 
0.208232 0.288846 
0.565773 0.652912 
0.884203 0.173031 
0.691941 0.437262 
0.225546 0.0418986 
0.586826 0.00131196 
0.200633 0.234169 
0.88529 0.169992 
0.600214 0.656292 
0.361545 0.61178 
0.526059 0.758293 
0.489037 0.000856156 
0.466741 0.436277 
0.417671 0.0275759 
0.636691 0.194546 
0.774318 0.366772 
0.416924 0.0338407 
0.397986 0.552113 
0.271474 0.341683 
0.367723 0.542027 
0.608536 0.566767 
0.790438 0.335437 
0.552049 0.758853 
0.733761 0.348547 
0.38813 0.182687 
0.459038 0.679127 
0.0569819 0.0542944 
0.613714 0.125262 
0.308811 0.316306 
0.824885 0.288401 
0.676216 0.303495 
0.14926 0.224358 
0.376423 0.649968 
0.411178 0.142096 
0.389409 0.454368 
0.570439 0.527425 
0.67267 0.500963 
0.265819 0.458613 
0.65215 0.587165 
0.445639 0.0139646 
0.172926 0.0692074 
0.179544 0.0542919 
0.637534 0.221698 
0.569661 0.521184 
0.450913 0.652374 
0.0265557 0.0405971 
0.844369 0.00104258 
0.330454 0.273331 
0.231819 0.031064 
0.723672 0.0076711 
0.280058 0.481472 
0.728914 0.378915 
0.892281 0.0275523 
0.160483 0.046583 
0.219775 0.375524 
0.926375 0.109119 
0.680035 0.487739 
0.733221 0.434918 
0.464113 0.461239 
0.531596 0.460619 
0.70402 0.284192 
0.647288 0.175998 
0.245569 0.328911 
0.707701 0.356146 
0.221613 0.028393 
0.536188 0.0554766 
0.154062 0.166161 
0.382866 0.445706 
0.155545 0.135634 
0.158953 0.0558352 
0.629462 0.206471 
0.213968 0.0407668 
0.305179 0.0953613 
0.932002 0.00677094 
0.861245 0.216533 
0.703922 0.488276 
0.482782 0.771491 
0.573048 0.549175 
0.465612 0.798638 
0.161405 0.271527 
0.849939 0.216992 
0.333594 0.115548 
0.924831 0.0757356 
0.456014 0.762771 
0.345837 0.585472 
0.36963 0.11745 
0.278288 0.0014801 
0.373404 0.164192 
0.307327 0.0901486 
0.482236 0.652906 
0.719886 0.461193 
0.520178 0.464339 
0.768739 0.356897 
0.152715 0.0465237 
0.394147 0.43906 
0.0768068 0.0686628 
0.566294 0.101279 
0.51872 0.00424441 
0.416356 0.117689 
0.826877 0.238945 
0.916859 0.13675 
0.556675 0.766233 
0.380962 0.204841 
0.34643 0.155624 
0.460188 0.650758 
0.316133 0.00595995 
0.645774 0.245484 
0.282816 0.354164 
0.59257 0.58991 
0.422323 0.724584 
0.877095 0.205513 
0.0414576 0.0694026 
0.617879 0.636256 
0.565324 0.109703 
0.84963 0.25288 
0.544178 0.509502 
0.65865 0.00405029 
0.41453 0.501124 
0.522384 0.00858814 
0.287365 0.00931669 
0.152721 0.0310807 
0.636141 0.223935 
0.383981 0.109523 
0.449792 0.505747 
0.333305 0.23428 
0.382229 0.443307 
0.190769 0.101518 
0.353461 0.246168 
0.220294 0.351896 
0.198863 0.0547147 
0.357028 0.462766 
0.230227 0.384808 
0.764933 0.0239275 
0.495243 0.813373 
0.108402 0.133625 
0.40567 0.460103 
0.141978 0.015864 
0.458957 0.761094 
0.556293 0.489782 
0.451984 0.724821 
0.968029 0.0274373 
0.53914 0.0132164 
0.659481 0.00455194 
0.933503 0.0999281 
0.168832 0.0187919 
0.146162 0.223345 
0.299874 0.433859 
0.17269 0.0256123 
0.707277 0.338294 
0.632215 0.174242 
0.700998 0.0769613 
0.725425 0.326167 
0.400275 0.595499 
0.422828 0.133633 
0.619228 0.549856 
0.392235 0.433236 
0.805708 0.000859414 
0.0309255 0.000243649 
0.0881573 0.0355571 
0.0434162 0.0139556 
0.568034 0.744468 
0.495127 0.44145 
0.402627 0.479139 
0.516774 0.460301 
0.729672 0.0146863 
0.50605 0.811911 
0.0812 0.00349575 
0.416655 0.664108 
0.494499 0.847605 
0.717403 0.264452 
0.572864 0.657994 
0.697457 0.0705262 
0.149309 0.251844 
0.559224 0.433119 
0.0710649 0.120333 
0.759927 0.326672 
0.870243 0.204448 
0.699583 0.0170757 
0.108984 0.188321 
0.465099 0.492426 
0.353195 0.142579 
0.644935 0.555232 
0.492942 0.00122247 
0.316745 0.487671 
0.694432 0.0618748 
0.350081 0.603877 
0.377118 0.192053 
0.204614 0.0135681 
0.556527 0.73257 
0.727431 0.433034 
0.536305 0.44113 
0.479167 0.0304743 
0.889239 0.183554 
0.956134 0.0584125 
0.411541 0.685534 
0.558912 0.433293 
0.0826176 0.1362 
0.706945 0.45294 
0.317346 0.548039 
0.587699 0.712404 
0.458665 0.658453 
0.584858 0.467807 
0.578862 0.109476 
0.817091 0.100115 
0.365798 0.119269 
0.731164 0.328143 
0.760526 0.221101 
0.552296 0.446974 
0.126664 0.218541 
0.599107 0.0412446 
0.395202 0.649573 
0.697432 0.0703292 
0.294624 0.447054 
0.56835 0.442755 
0.588483 0.0310057 
0.904901 0.0495825 
0.104177 0.00191654 
0.473333 0.652982 
0.278153 0.00451794 
0.381262 0.624817 
0.629811 0.113447 
0.729199 0.342843 
0.784237 0.244421 
0.451396 0.774084 
0.839207 0.0541531 
0.466002 0.70839 
0.516374 0.453332 
0.291413 0.436552 
0.595878 0.13728 
0.347987 0.249636 
0.805845 0.227596 
0.516743 0.676715 
0.591776 0.488858 
0.221 0.00212537 
0.963326 0.0275755 
0.70986 0.336313 
0.922893 0.0215845 
0.119837 0.19812 
0.282832 0.266411 
0.832754 0.10932 
0.720987 0.260974 
0.791728 0.287786 
0.641027 0.433021 
0.224036 0.0310162 
0.670619 0.0549738 
0.30059 0.446604 
0.525999 0.684303 
0.449046 0.00512896 
0.326027 0.299553 
0.626814 0.645887 
0.264298 0.457223 
0.448747 0.764551 
0.33262 0.488011 
0.896221 0.00193558 
0.420552 0.461784 
0.978464 0.0152326 
0.550177 0.707567 
0.724384 0.476531 
0.592401 0.488172 
0.223246 0.22034 
0.516935 0.677535 
0.424726 0.108268 
0.364705 0.230919 
0.232023 0.353964 
0.353307 0.00711814 
0.559238 0.707246 
0.391268 0.453563 
0.303609 0.0627565 
0.166135 0.137215 
0.495299 0.758883 
0.915508 0.109052 
0.262392 0.453624 
0.709681 0.488332 
0.26747 0.34143 
0.60137 0.147243 
0.82854 0.0803491 
0.393336 0.00457882 
0.303623 2.93644e-08 
0.153623 0.137514 
0.510521 0.827452 
0.352123 0.467757 
0.919951 0.0706464 
0.732449 0.351855 
0.262527 0.346446 
0.0519881 0.0562087 
0.536912 0.713448 
0.560733 0.651475 
0.452316 0.729038 
0.713689 0.464417 
0.231035 0.325211 
0.678579 0.304575 
0.774271 0.24379 
0.958258 0.00677419 
0.306857 0.0832553 
0.456912 0.790955 
0.37586 0.190899 
0.711249 0.255504 
0.869841 0.20661 
0.15157 0.111692 
0.409564 0.0461188 
0.788427 0.362429 
0.625687 0.000447061 
0.572576 0.658492 
0.340563 0.473841 
0.752276 0.380705 
0.577338 8.78198e-05 
0.152731 0.165924 
0.572796 0.542963 
0.516988 0.433978 
0.150037 0.0374239 
0.916957 0.0283757 
0.598978 0.433232 
0.798431 0.232707 
0.49571 0.649969 
0.669234 0.284654 
0.409131 0.654224 
0.243094 0.333091 
0.408025 0.590609 
0.700354 0.298544 
0.412486 0.0272386 
0.893461 0.163796 
0.595494 0.0435552 
0.67161 0.013879 
0.55951 0.74937 
0.388348 0.000545202 
0.582314 0.0322006 
0.481556 0.816247 
0.160513 0.154097 
0.797763 0.290962 
0.735312 0.380419 
0.959144 0.00976512 
0.149608 0.119529 
0.510465 0.0177603 
0.422795 0.454239 
0.492382 0.440115 
0.0941515 0.0277025 
0.925384 0.054178 
0.460355 0.444987 
0.684671 0.270765 
0.192172 0.0862676 
0.313089 0.106729 
0.421117 0.460446 
0.452232 0.515613 
0.360615 0.0220023 
0.32702 0.488947 
0.586981 0.549787 
0.423469 0.453932 
0.338149 0.473632 
0.701926 0.0237176 
0.161883 0.15087 
0.641112 0.242726 
0.0455386 0.0549822 
0.224312 0.0356131 
0.145982 0.178396 
0.837736 0.0365143 
0.822771 0.23247 
0.461545 0.487763 
0.296176 0.339141 
0.333777 0.280212 
0.351781 0.608951 
0.15682 0.0507529 
0.386507 0.114645 
0.744789 0.419508 
0.617765 0.623093 
0.581401 0.505006 
0.982966 0.0237373 
0.183478 0.098106 
0.714482 0.000622052 
0.391706 0.163255 
0.6225 0.624876 
0.669186 0.0316933 
0.591716 0.543094 
0.795763 0.0543051 
0.346503 0.13897 
0.480769 0.817457 
0.616098 0.173804 
0.743367 0.38086 
0.363487 0.108293 
0.694225 0.0110114 
0.391369 0.663434 
0.221179 0.0278034 
0.738624 0.405983 
0.369471 0.625945 
0.132827 0.121597 
0.573425 0.085518 
0.644799 0.18131 
0.396573 0.469427 
0.427223 0.518438 
0.710043 0.00825412 
0.4162 0.703937 
0.520177 0.826316 
0.382426 0.196746 
0.75056 0.431752 
0.333842 0.00275802 
0.228425 0.219094 
0.799122 0.000217898 
0.400804 0.165784 
0.037191 0.0640722 
0.369638 0.630923 
0.662458 0.280097 
0.259668 0.407748 
0.648495 0.145524 
0.345795 0.543855 
0.642916 0.568782 
0.196367 0.231574 
0.582557 0.00677596 
0.59701 0.0441169 
0.459352 0.0340304 
0.954656 0.000713686 
0.266808 0.0273392 
0.460126 0.656517 
0.0918451 0.0559013 
0.0237568 0.0408866 
0.200554 0.324872 
0.961505 0.0107979 
0.647925 0.227436 
0.633413 0.118828 
0.602654 0.0116163 
0.380033 0.19074 
0.605928 0.653685 
0.604215 0.0085008 
0.759607 0.334169 
0.840403 0.112588 
0.292847 0.463459 
0.745277 0.221195 
0.915339 0.0356149 
0.0473742 0.000800239 
0.7304 0.246963 
0.599456 0.0368355 
0.401908 0.43711 
0.212545 0.259232 
0.617337 0.169178 
0.791815 0.271541 
0.59829 0.149384 
0.878664 0.202976 
0.634007 0.447763 
0.662029 0.253431 
0.393407 0.596348 
0.53267 0.800714 
0.348433 0.600691 
0.0721025 0.0913402 
0.900112 0.0374285 
0.672643 0.284165 
0.365073 0.00275102 
0.315733 0.274538 
0.369095 0.108329 
0.442232 0.735506 
0.777616 0.246954 
0.763321 0.0225902 
0.262124 0.433066 
0.617666 0.120096 
0.477208 0.0109957 
0.407986 0.69312 
0.296135 0.0543483 
0.756246 0.41526 
0.706472 0.291896 
0.558089 0.0598552 
0.140745 0.243254 
0.269968 0.447261 
0.841475 0.245493 
0.300252 0.0684317 
0.920683 0.0247775 
0.877748 0.111902 
0.342058 0.272709 
0.618091 0.200518 
0.602748 0.657383 
0.653026 0.0484251 
0.392834 0.137396 
0.336632 0.255739 
0.580276 0.680038 
0.378566 0.192856 
0.597241 0.033063 
0.606098 0.654599 
0.736484 0.44828 
0.58465 0.0608941 
0.592563 0.0544488 
0.660914 0.062062 
0.384418 0.171369 
0.328343 0.128766 
0.727911 0.218814 
0.354474 0.109539 
0.414351 0.120327 
0.963085 0.0340587 
0.611646 0.013758 
0.627786 0.164108 
0.793509 0.216938 
0.894972 0.00557158 
0.338808 0.225066 
0.348448 0.261807 
0.717673 0.3768 
0.807876 0.270974 
0.18018 0.0938543 
0.162337 0.252399 
0.377525 0.111675 
0.291693 0.448247 
0.510512 0.00208965 
0.274617 0.36668 
0.732865 0.354176 
0.315865 0.515128 
0.70836 0.0720678 
0.507413 0.824617 
0.647665 0.217679 
0.288892 0.433092 
0.568079 0.0558271 
0.125905 0.217987 
0.927588 0.0162363 
0.870703 0.223418 
0.588085 0.692103 
0.518514 0.0283353 
0.274739 0.250829 
0.538379 0.792517 
0.68339 0.222433 
0.369641 0.00720772 
0.613001 0.0139814 
0.762637 0.383807 
0.896128 0.0137516 
0.150316 0.111499 
0.920496 0.110378 
0.276725 0.243742 
0.595769 0.0436495 
0.299894 0.436549 
0.244773 0.409506 
0.330701 0.00181373 
0.941069 0.100789 
0.328313 0.0254266 
0.740337 0.00318873 
0.675001 0.221918 
0.922449 0.0799767 
0.585091 0.471917 
0.259867 0.450063 
0.301893 0.0137587 
0.205796 0.284165 
0.346815 0.111815 
0.807818 0.0950057 
0.674145 0.123972 
0.421213 0.51094 
0.815081 0.318206 
0.63283 0.230064 
0.714739 0.276673 
0.513342 0.663588 
0.205145 0.0219984 
0.492709 0.00722854 
0.799234 0.022896 
0.350199 0.163255 
0.901148 0.139872 
0.682368 0.0968135 
0.697976 0.433046 
0.763021 0.380687 
0.672535 0.270911 
0.726182 0.0277125 
0.816991 0.315034 
0.632775 0.553134 
0.288548 0.000423005 
0.361534 0.610616 
0.718242 0.35185 
0.965622 6.61053e-05 
0.520895 0.766824 
0.281619 0.0479458 
0.163055 0.147097 
0.646411 0.0100077 
0.702738 0.0546585 
0.394753 0.446757 
0.833194 0.245354 
0.224339 0.246364 
0.2124 0.0414432 
0.554877 0.527365 
0.0135688 0.0164976 
0.53039 0.0517486 
0.217983 0.257445 
0.417082 0.568461 
0.416593 0.677062 
0.476272 0.0372849 
0.2625 0.221648 
0.474956 0.462732 
0.667685 0.139044 
0.80807 0.0951708 
0.670553 0.286387 
0.244322 0.324859 
0.769328 0.24998 
0.588557 0.440298 
0.380174 0.597414 
0.593531 0.59204 
0.849266 0.162598 
0.705487 0.0744902 
0.901873 0.169807 
0.26061 0.00814178 
0.810221 0.314641 
0.590535 0.14045 
0.257236 0.00680547 
0.857379 0.230042 
0.585588 0.122314 
0.367301 0.196377 
0.35243 0.217881 
0.564082 0.105508 
0.210255 0.217012 
0.852931 0.0271955 
0.677519 0.558183 
0.713001 0.47711 
0.776263 0.0347855 
0.803735 0.0117741 
0.780287 0.0520347 
0.553519 0.742002 
0.145887 0.177726 
0.712622 0.353892 
0.122231 0.192943 
0.129519 0.190066 
0.650502 0.15198 
0.679158 0.0676762 
0.823422 0.298641 
0.288263 0.0348888 
0.639854 0.561785 
0.682685 0.216569 
0.487107 0.670101 
0.162575 0.0564889 
0.268573 0.382301 
0.479319 0.664862 
0.456501 0.505751 
0.289135 0.223292 
0.589207 0.582921 
0.13082 0.202982 
0.694895 0.494546 
0.401542 0.436618 
0.292792 0.0195464 
0.744882 0.221105 
0.427208 0.116749 
0.273857 0.256267 
0.709628 0.447008 
0.654195 0.247059 
0.621419 0.113757 
0.665882 0.443165 
0.401614 0.041838 
0.568957 0.741875 
0.0675805 0.0955915 
0.187879 0.321821 
0.46948 0.79874 
0.402535 0.54487 
0.616623 0.446664 
0.525926 0.694146 
0.578383 0.729442 
0.420339 0.022042 
0.712243 0.224998 
0.523946 0.0346385 
0.602398 0.551643 
0.463649 0.65737 
0.158578 0.0564019 
0.161308 0.223378 
0.602109 0.467688 
0.780963 0.377542 
0.604325 0.439884 
0.411769 0.571747 
0.32268 0.124131 
0.452802 0.730923 
0.316283 0.317148 
0.380612 0.435022 
0.754815 0.380241 
0.616008 0.17285 
0.561285 0.5391 
0.330495 0.435608 
0.683332 0.00372816 
0.535869 0.0282827 
0.427913 0.496746 
0.870343 0.208398 
0.452781 0.717739 
0.759813 0.331542 
0.319791 0.0666313 
0.551617 0.0888322 
0.287505 0.474284 
0.58244 0.548522 
0.0870459 0.0543542 
0.651021 0.224998 
0.442157 0.058704 
0.380761 0.637791 
0.108761 0.163384 
0.428095 0.00952111 
0.152549 0.249818 
0.469642 0.696994 
0.569419 0.433991 
0.632239 0.229035 
0.196232 0.305814 
0.48056 0.815322 
0.540734 0.710422 
0.513911 0.771682 
0.333663 0.0356501 
0.736864 0.399686 
0.660623 0.244338 
0.415469 0.64962 
0.642748 0.455922 
0.53146 5.63746e-05 
0.721594 0.244555 
0.119838 0.00370368 
0.38607 0.00701055 
0.431937 0.490742 
0.786788 0.00348945 
0.769245 0.00370704 
0.300285 0.447376 
0.442659 0.0968784 
0.413076 0.444657 
0.48215 0.671549 
0.64593 0.595488 
0.275837 0.245755 
0.486768 0.664812 
0.931256 0.00741668 
0.0814346 0.0327349 
0.810004 0.000688046 
0.465311 0.0473711 
0.479414 0.666503 
0.396018 0.597885 
0.202915 0.0543442 
0.731184 0.400263 
0.390279 0.670377 
0.232141 0.380604 
0.269317 0.230085 
0.582242 0.125223 
0.549907 0.451211 
0.222472 0.222529 
0.354737 0.559396 
0.798134 0.29286 
0.629992 0.00355848 
0.334873 0.502049 
0.663173 0.552289 
0.952604 0.0818287 
0.695661 0.0119461 
0.644254 0.139065 
0.173086 0.0215425 
0.634513 0.597944 
0.52856 0.805451 
0.874366 0.20351 
0.444134 0.739172 
0.733129 0.46045 
0.13172 0.1981 
0.0120988 0.00401794 
0.389989 0.0207623 
0.592677 0.041976 
0.71398 0.00822118 
0.454766 0.703735 
0.588433 0.477922 
0.390049 0.567331 
0.176642 0.287656 
0.507974 0.0132492 
0.577313 0.0245526 
0.584449 0.54371 
0.534575 0.65009 
0.76343 0.382269 
0.289259 0.494238 
0.923869 0.0165066 
0.326773 0.0750193 
0.641217 0.44757 
0.352003 0.243624 
0.994891 0.001217 
0.580664 0.0152631 
0.365726 0.196638 
0.640958 0.230506 
0.0942603 0.159854 
0.674719 0.285686 
0.428733 0.10977 
0.471855 0.80311 
0.767477 0.239903 
0.404615 0.58448 
0.346076 0.435319 
0.951817 0.0204085 
0.53596 0.677485 
0.586324 0.659668 
0.213641 0.332402 
0.665743 0.00279661 
0.660871 0.467216 
0.571547 0.704863 
0.539928 0.0080402 
0.391757 0.453566 
0.722264 0.217078 
0.581345 0.506033 
0.301342 0.223764 
0.576839 0.651639 
0.21382 0.366836 
0.200756 0.285928 
0.720652 0.482067 
0.786934 0.0297161 
0.727966 0.358589 
0.352143 0.555432 
0.533294 0.435591 
0.601999 0.00746129 
0.141627 0.163894 
0.282494 0.473935 
0.356991 0.571771 
0.393911 0.453472 
0.647649 0.440047 
0.58626 0.135319 
0.315496 0.0588585 
0.883292 0.190193 
0.616404 0.663985 
0.161711 0.110052 
0.671037 0.488006 
0.641219 0.0143975 
0.629762 0.112588 
0.616305 0.656311 
0.403206 0.113334 
0.361795 0.612309 
0.86663 0.169621 
0.184378 0.113608 
0.699607 0.50663 
0.571654 0.557112 
0.761753 0.235158 
0.599498 0.571455 
0.707682 0.437361 
0.34574 0.162388 
0.427402 0.0817482 
0.575718 0.489497 
0.403282 0.654183 
0.83556 0.135743 
0.333383 0.494553 
0.653968 0.463882 
0.360194 0.453317 
0.557805 0.0859215 
0.0416482 0.0584981 
0.637267 0.558922 
0.662388 0.489891 
0.36244 0.596833 
0.180156 0.311995 
0.328946 0.0686367 
0.689233 0.537283 
0.926307 0.122565 
0.245478 0.384069 
0.356307 0.569304 
0.859125 0.0272752 
0.599406 0.434985 
0.551792 0.0076386 
0.697212 0.297697 
0.793894 0.35316 
0.603812 0.00170564 
0.513476 0.00276311 
0.978725 0.0152828 
0.69991 0.221859 
0.877665 0.206602 
0.674474 0.109971 
0.421192 0.0203641 
0.388005 0.664192 
0.521769 0.82127 
0.335332 0.497292 
0.826492 0.108253 
0.770563 0.387221 
0.403617 0.46206 
0.659339 0.491428 
0.451436 0.703663 
0.860391 0.190325 
0.545238 0.676707 
0.795506 0.0236844 
0.629977 0.109103 
0.697522 0.490063 
0.574392 0.668193 
0.653446 0.148855 
0.368233 0.543047 
0.670689 0.245518 
0.0438193 0.00011244 
0.721349 0.46403 
0.674445 0.0137433 
0.96355 0.0444154 
0.802597 0.284336 
0.535897 0.434083 
0.638955 0.132182 
0.260783 0.433017 
0.770648 0.387371 
0.529065 0.786546 
0.364851 0.179942 
0.549484 0.66646 
0.661479 0.272333 
0.838552 0.223814 
0.380916 0.659513 
0.420819 0.460212 
0.259953 0.392418 
0.789681 0.227078 
0.682296 0.10933 
0.336137 0.0002795 
0.720771 0.462615 
0.779582 0.0427655 
0.751413 0.406857 
0.67048 0.238933 
0.403296 0.0482084 
0.606118 0.616783 
0.484855 0.758513 
0.267916 0.239503 
0.35524 0.541603 
0.620504 0.00777405 
0.823009 0.275091 
0.122884 0.108535 
0.878497 0.195076 
0.427691 0.523932 
0.594163 0.161184 
0.366224 0.444657 
0.527234 1.98502e-05 
0.50966 0.0166719 
0.419646 0.541718 
0.419361 0.502421 
0.309733 0.0584763 
0.845626 0.24369 
0.932912 0.00116702 
0.288962 0.0643096 
0.321463 0.542227 
0.661305 0.251446 
0.0859135 0.0643119 
0.816639 0.304005 
0.563738 0.538742 
0.714187 0.325893 
0.442076 0.440719 
0.508274 0.826227 
0.612753 0.627592 
0.459309 0.00872728 
0.826289 0.2708 
0.533556 0.653063 
0.500291 0.64954 
0.225435 0.217936 
0.0258339 0.00678659 
0.932359 0.0968496 
0.239173 0.00766526 
0.353586 0.170917 
0.342 0.135636 
0.201051 0.0154288 
0.769153 0.355642 
0.844549 0.0520147 
0.903019 0.0274915 
0.954412 0.0762084 
0.458289 0.462042 
0.349934 0.597309 
0.840373 0.0545505 
0.349713 0.137035 
0.415112 0.715083 
0.400096 0.543463 
0.120183 0.190375 
0.506997 0.650484 
0.489829 0.758303 
0.575906 0.543328 
0.0907722 0.112925 
0.521189 0.0273342 
0.172138 0.0747976 
0.273709 0.470476 
0.909953 0.00618442 
0.857451 0.0025391 
0.431938 0.544871 
0.448272 0.062424 
0.670695 0.122137 
0.454936 0.433177 
0.575339 0.448247 
0.114213 0.180576 
0.442342 0.764557 
0.577269 0.512194 
0.191296 0.2977 
0.724225 0.332173 
0.513472 0.83518 
0.352678 0.227945 
0.77268 0.380157 
0.626078 0.213229 
0.617606 0.650011 
0.515206 0.781942 
0.357061 0.610782 
0.282004 0.485668 
0.481858 0.461821 
0.460682 0.0338296 
0.382502 0.636503 
0.97141 0.0316427 
0.314763 0.299867 
0.746634 0.409339 
0.36617 0.169213 
0.485683 0.0222603 
0.258971 0.407106 
0.38493 0.189563 
0.862017 0.0214754 
0.694079 0.0815104 
0.379811 0.170708 
0.431989 0.531543 
0.334734 0.271796 
0.437081 0.744885 
0.571341 0.741793 
0.35829 0.542706 
0.808973 0.216523 
0.928496 0.0646388 
0.584986 0.060928 
0.752725 0.427304 
0.329569 0.137816 
0.262624 0.233428 
0.429251 0.115109 
0.30321 0.286505 
0.583323 0.677009 
0.279179 0.473793 
0.815429 0.221578 
0.575359 0.515537 
0.569035 0.5145 
0.957964 0.0584086 
0.321547 0.223485 
0.414626 0.677507 
0.229863 0.248846 
0.776192 0.0349392 
0.830626 0.0582367 
0.331636 0.501249 
0.316518 0.490715 
0.0532621 0.0680877 
0.379958 0.597139 
0.289686 0.359541 
0.790435 0.223312 
0.16749 0.122585 
0.731593 0.245427 
0.4145 0.000756789 
0.134193 0.118831 
0.291472 0.232617 
0.896386 0.030474 
0.714797 0.371295 
0.808866 0.0575562 
0.421178 0.131993 
0.72433 0.379341 
0.918535 0.0136506 
0.232742 0.232019 
0.121032 0.111637 
0.522708 0.657542 
0.641594 0.6102 
0.272679 0.385976 
0.659836 0.0444537 
0.058872 0.0871103 
0.592161 0.581864 
0.722807 0.371857 
0.337881 0.0641728 
0.161687 0.218285 
0.718906 0.433282 
0.51198 0.43851 
0.166582 0.218694 
0.13677 0.189456 
0.160442 0.0275128 
0.864945 0.198218 
0.30949 0.311341 
0.232155 0.244031 
0.558886 0.0951585 
0.798505 0.00212782 
0.36894 0.637732 
0.963792 0.00678916 
0.328319 0.433292 
0.567738 0.531725 
0.165491 0.0613708 
0.365732 0.171275 
0.25736 0.33195 
0.327866 0.0255978 
0.432396 0.1103 
0.901923 0.11214 
0.0176979 0.0137391 
0.460431 0.792267 
0.324658 0.0140122 
0.664403 0.254302 
0.832827 0.126966 
0.27044 0.234373 
0.282623 0.029205 
0.300074 0.230279 
0.46171 0.714148 
0.50224 0.760577 
0.585652 0.0105882 
0.970816 0.0288717 
0.567269 0.527854 
0.338931 0.0280038 
0.337607 0.0372675 
0.802693 0.0905266 
0.407634 0.0563111 
0.163722 0.0376656 
0.381272 0.169594 
0.121875 0.00456569 
0.772638 0.332805 
0.796093 0.217564 
0.672398 0.541266 
0.270255 0.220745 
0.806814 0.0842185 
0.365163 0.00303939 
0.0529543 0.0837685 
0.378469 0.203626 
0.235559 0.393622 
0.164861 0.142195 
0.388609 0.557389 
0.812455 0.0541938 
0.460218 0.434179 
0.302309 0.286386 
0.589253 0.650119 
0.0752856 0.0762711 
0.841625 0.273435 
0.426814 0.732484 
0.163506 0.149384 
0.577921 0.0265703 
0.318272 0.274016 
0.735965 0.402783 
0.918154 0.0740017 
0.267689 0.239532 
0.889369 0.122105 
0.401898 0.575783 
0.725412 0.389971 
0.356162 0.596246 
0.222003 0.365481 
0.459035 0.761057 
0.264336 0.237105 
0.493707 0.847935 
0.631701 0.115245 
0.654661 0.00189257 
0.831009 0.0759706 
0.581254 0.0687898 
0.297811 0.350041 
0.404014 0.137865 
0.406536 0.700597 
0.393981 0.438604 
0.21137 0.283162 
0.69688 0.070018 
0.664523 0.499442 
0.137533 0.190501 
0.585927 0.121591 
0.151218 0.257947 
0.169056 0.129985 
0.388973 0.544094 
0.411203 0.00344486 
0.537515 0.687266 
0.103098 0.162442 
0.6197 0.0089595 
0.817582 0.302156 
0.269961 0.439014 
0.916353 0.00352858 
0.64609 0.597956 
0.3289 0.554868 
0.471668 0.677428 
0.137766 0.190345 
0.398945 0.690978 
0.151907 0.00682863 
0.745509 0.412863 
0.27283 0.034362 
0.462809 0.00978038 
0.706339 0.0179809 
0.633946 0.227542 
0.82624 0.273605 
0.956118 0.0723135 
0.543347 0.00380588 
0.617765 0.173401 
0.147047 0.25384 
0.694976 0.223745 
0.815284 0.0991947 
0.474939 0.435657 
0.437787 0.101726 
0.41714 0.0321812 
0.803758 0.231322 
0.101772 0.0127294 
0.644167 0.451778 
0.180442 0.0879826 
0.304095 0.27752 
0.211056 0.0644339 
0.841113 0.135639 
0.42679 0.109946 
0.847479 0.000219693 
0.794584 0.293707 
0.790975 0.334697 
0.125226 0.10847 
0.684394 0.0960836 
0.381434 0.189579 
0.76816 0.0157985 
0.234985 0.216717 
0.402706 0.00550358 
0.359232 0.446579 
0.732835 0.0287693 
0.481868 0.667284 
0.706508 0.345745 
0.331089 0.569942 
0.52424 0.467912 
0.272129 0.25132 
0.863989 0.113364 
0.853317 0.1624 
0.291822 0.0351528 
0.757277 0.000859589 
0.338226 0.247415 
0.60233 0.136166 
0.6108 0.16308 
0.850436 0.162423 
0.958606 0.0136515 
0.800625 0.00507479 
0.345783 0.581927 
0.450457 0.731099 
0.328077 0.0542101 
0.887988 0.0156998 
0.867013 0.0131894 
0.115835 0.199779 
0.550157 0.670369 
0.580467 0.653494 
0.355246 0.558565 
0.294467 0.34749 
0.120457 0.208155 
0.675085 0.0722439 
0.636556 0.196317 
0.935515 0.104067 
0.894098 0.121785 
0.155824 0.257103 
0.466625 0.473693 
0.782746 0.259639 
0.71863 0.351929 
0.208073 0.252034 
0.326304 0.561726 
0.503104 0.433303 
0.273604 0.255676 
0.285342 0.355497 
0.894518 0.00509018 
0.43953 0.00309107 
0.932839 0.116189 
0.0416962 0.0288367 
0.644188 0.111636 
0.660904 0.278562 
0.700839 0.285856 
0.427393 0.110793 
0.698617 0.059737 
0.869859 2.4416e-05 
0.107339 0.137009 
0.829537 0.123991 
0.0878647 0.111218 
0.408468 0.679498 
0.170486 0.294339 
0.713147 0.00032061 
0.635655 0.218255 
0.651973 0.00612178 
0.60575 0.680399 
0.15132 0.0304605 
0.399649 0.570232 
0.93485 0.0950661 
0.520993 0.758195 
0.328008 0.567596 
0.141177 0.176339 
0.0128302 0.0217418 
0.606668 0.653281 
0.896218 0.00202029 
0.342794 0.052347 
0.192926 0.223907 
0.923271 0.0564529 
0.527782 0.681717 
0.223477 0.00423442 
0.466207 0.0585222 
0.746743 0.438201 
0.737211 0.234798 
0.835339 0.135508 
0.0485608 0.0205093 
0.409079 0.10968 
0.55642 0.0643126 
0.652532 0.0323526 
0.254287 0.406076 
0.550013 0.758046 
0.715197 0.479654 
0.561985 0.756821 
0.670666 0.232048 
0.314865 0.298384 
0.661241 0.15035 
0.489812 0.656715 
0.381991 0.553258 
0.551163 0.447199 
0.161011 0.116496 
0.667614 0.467423 
0.676362 0.298171 
0.399698 0.13623 
0.354709 0.61255 
0.176292 0.0541646 
0.650325 0.00262474 
0.482063 0.651746 
0.848379 0.169516 
0.955733 0.0154372 
0.84926 0.219271 
0.336406 0.243586 
0.73238 0.456289 
0.450095 0.650954 
0.796071 0.34511 
0.584864 0.678281 
0.699336 0.289349 
0.39488 0.0186061 
0.446916 0.0630217 
0.601054 0.120109 
0.188711 1.62577e-05 
0.396806 0.603873 
0.79976 0.0184478 
0.823919 0.0187006 
0.850902 0.147639 
0.485546 0.836723 
0.901468 0.00772398 
0.171823 0.108313 
0.149626 0.253932 
0.606618 0.0154389 
0.322528 0.556943 
0.765299 0.345484 
0.271045 0.036275 
0.73758 0.346247 
0.273641 0.473678 
0.319514 0.0823448 
0.350759 0.119727 
0.920053 0.0703875 
0.137808 0.191249 
0.802377 0.279259 
0.405066 0.156785 
0.643019 0.111656 
0.860618 0.236838 
0.853662 0.233456 
0.825821 0.0153949 
0.461837 0.0618142 
0.761127 0.332401 
0.431046 0.541712 
0.934872 0.0829812 
0.177554 0.0169155 
0.752163 0.00280172 
0.103099 0.0339514 
0.553053 0.0611193 
0.326416 0.232146 
0.888862 0.0239713 
0.305789 0.270633 
0.26494 0.433036 
0.422076 0.724171 
0.552066 0.664002 
0.65291 0.587069 
0.617272 0.635812 
0.792199 0.24445 
0.051128 0.0546817 
0.411671 0.548521 
0.903651 0.000112731 
0.843611 0.0405977 
0.424626 0.0854793 
0.424488 0.0679278 
0.224392 0.361364 
0.0704915 0.0544178 
0.339796 0.568384 
0.97793 0.00053777 
0.559041 0.528174 
0.108363 0.136823 
0.0754677 0.0764808 
0.0200894 0.00096261 
0.404161 0.0490677 
0.602687 0.0374509 
0.534824 0.802213 
0.553775 0.664373 
0.520498 0.772798 
0.897384 0.0287557 
0.161392 0.0425234 
0.588659 0.153112 
0.670984 0.236911 
0.410959 0.691068 
0.146507 0.118412 
0.393652 0.461504 
0.0802098 0.00181287 
0.659832 0.585482 
0.270298 0.0351447 
0.436414 0.0829022 
0.954565 0.0209669 
0.483115 0.773341 
0.28495 0.222491 
0.15471 0.158019 
0.783631 0.245783 
0.96497 0.0542356 
0.361223 0.544441 
0.159981 0.0332619 
0.405665 0.69703 
0.669125 0.490615 
0.150037 0.259642 
0.584887 0.549726 
0.210821 0.229777 
0.71203 0.0115853 
0.603199 0.578478 
0.779654 0.218728 
0.200511 0.236811 
0.199011 0.325013 
0.63351 0.189658 
0.210601 0.338318 
0.435604 0.747521 
0.589983 0.676596 
0.56764 0.00201216 
0.55244 0.0812498 
0.169248 0.27407 
0.367814 0.196645 
0.428676 0.0110383 
0.156912 0.264827 
0.129992 0.11645 
0.507151 0.839865 
0.203753 0.33832 
0.424612 0.129901 
0.454382 0.677058 
0.543862 0.705132 
0.207651 0.0682766 
0.891188 0.0254991 
0.336542 0.553727 
0.475751 0.443387 
0.712331 0.223279 
0.429995 0.0916497 
0.493887 0.760716 
0.732015 0.342362 
0.954322 0.0216035 
0.267218 0.393027 
0.275907 0.474074 
0.514201 0.650369 
0.490858 0.847439 
0.193518 0.0828836 
0.895931 0.125808 
0.344442 0.485714 
0.423637 0.544307 
0.33535 0.553119 
0.0443734 0.029281 
0.0209256 0.0142188 
0.0984583 0.167042 
0.589179 0.0544294 
0.897777 0.0393927 
0.39346 0.670773 
0.164405 0.229339 
0.495355 0.436806 
0.829541 0.0291977 
0.454663 0.50122 
0.724425 0.334565 
0.618356 0.6066 
0.621012 0.541268 
0.748804 0.428152 
0.178043 0.0914315 
0.891019 8.33997e-07 
0.365201 0.449139 
0.118755 0.202988 
0.988753 0.0075265 
0.111895 0.162384 
0.373086 0.433026 
0.188373 0.297702 
0.426369 0.5011 
0.744537 0.000568369 
0.0528824 0.0611487 
0.653668 0.156596 
0.486538 0.665595 
0.364682 0.112488 
0.205526 0.286755 
0.412453 0.543099 
0.710029 0.0691982 
0.806724 0.0844208 
0.367167 0.632635 
0.332953 0.487227 
0.701465 0.348757 
0.351728 0.255639 
0.707454 0.466004 
0.393373 0.600125 
0.802952 0.0831382 
0.960814 0.0668127 
0.522786 0.0112101 
0.346024 0.0411368 
0.391516 0.0203322 
0.597074 0.141056 
0.65676 0.15625 
0.482243 0.455088 
0.695689 0.335094 
0.622738 0.189541 
0.225985 0.253864 
0.621654 0.628248 
0.760478 0.0146156 
0.559728 0.10343 
0.540635 0.44868 
0.518626 0.433859 
0.933216 0.0851592 
0.304533 0.0939054 
0.794768 0.0695637 
0.919045 0.015233 
0.533957 0.437488 
0.895782 0.0271101 
0.39312 0.543445 
0.476845 0.688673 
0.318204 0.516787 
0.270823 0.0275393 
0.232978 0.244099 
0.607012 0.0291935 
0.423589 0.453711 
0.701553 0.0220091 
0.713327 0.334076 
0.642242 0.446805 
0.394124 0.166295 
0.420084 0.725855 
0.0742816 0.0592538 
0.583754 0.706522 
0.671477 0.133759 
0.832101 0.1413 
0.134355 0.169644 
0.307059 0.223325 
0.992565 0.0120057 
0.676645 0.126604 
0.801822 0.230967 
0.680635 0.52936 
0.680569 0.0656765 
0.363812 0.223767 
0.590533 0.109438 
0.599683 0.598039 
0.713026 0.274175 
0.352641 0.439941 
0.387821 0.596667 
0.0335918 0.0407675 
0.649707 0.570038 
0.64376 0.463671 
0.857124 0.0153027 
0.339489 0.0575282 
0.461326 0.487246 
0.638927 0.124644 
0.581272 0.139048 
0.289785 0.0372256 
0.946025 0.08242 
0.672898 0.0135854 
0.637289 0.554832 
0.603451 0.111299 
0.642726 0.571003 
0.573087 0.556596 
0.517291 0.67944 
0.217313 0.258842 
0.167566 0.222534 
0.216714 0.367073 
0.454727 0.727511 
0.351737 0.120939 
0.481733 0.758041 
0.786322 0.0341006 
0.664274 0.283585 
0.417515 0.0194951 
0.646026 0.556964 
0.22964 0.331559 
0.13821 0.239134 
0.38514 0.550358 
0.72556 0.360098 
0.387184 0.450377 
0.301812 0.23097 
0.568892 0.651234 
0.466705 0.801565 
0.607397 0.165591 
0.439494 0.517639 
0.478055 0.649985 
0.531789 0.000648354 
0.540478 0.0159763 
0.365637 0.602264 
0.169675 0.0137431 
0.214014 0.35658 
0.107006 0.139232 
0.167444 0.223283 
0.825122 0.109806 
0.243875 0.331869 
0.775712 0.358709 
0.672339 0.507473 
0.538313 0.471311 
0.793558 0.0581543 
0.769846 0.248758 
0.423049 0.674061 
0.778985 0.367533 
0.84969 0.003098 
0.612102 0.599046 
0.0863231 0.12011 
0.318738 0.0919467 
0.410016 0.00650239 
0.829755 0.124019 
0.324424 5.33747e-05 
0.438921 0.514963 
0.143336 0.23366 
0.575842 0.489921 
0.420129 0.00190951 
0.605818 0.446981 
0.601926 0.553732 
0.621782 0.546396 
0.338735 0.244634 
0.517368 0.81359 
0.541064 0.433013 
0.874963 0.20978 
0.33666 0.00793294 
0.164713 0.135333 
0.559376 0.758886 
0.830962 0.234313 
0.174161 0.284693 
0.548333 0.778076 
0.424412 0.51421 
0.653044 0.248856 
0.58766 0.473926 
0.259961 0.340303 
0.973869 0.0350581 
0.304524 0.3384 
0.626069 0.63612 
0.396488 0.686523 
0.935285 0.0967521 
0.535791 0.69449 
0.480052 0.00579602 
0.462935 0.788007 
0.892447 0.186076 
0.541578 0.757794 
0.592429 0.704506 
0.33904 0.250341 
0.0419336 0.000101227 
0.185153 0.0982682 
0.453501 0.650048 
0.643461 0.217883 
0.918264 0.068083 
0.781689 0.0514895 
0.286181 6.77303e-05 
0.775921 0.383039 
0.37975 0.194734 
0.670932 0.512554 
0.429941 0.00698726 
0.918317 0.0169346 
0.807732 0.0860644 
0.684702 0.514421 
0.540608 0.786557 
0.681327 0.496734 
0.15853 0.244001 
0.270364 0.324874 
0.490321 0.842137 
0.650464 0.00995487 
0.559912 0.65124 
0.547458 0.459063 
0.464972 0.710156 
0.151106 0.0290917 
0.416638 0.545515 
0.48016 0.775192 
0.270704 0.243861 
0.678382 0.0888389 
0.325739 0.558922 
0.387613 0.113151 
0.76011 0.0156802 
0.292273 0.234269 
0.385782 0.623997 
0.160557 0.260947 
0.0827234 0.136443 
0.294712 0.324786 
0.709311 0.226089 
0.479009 0.820999 
0.323138 0.54816 
0.909716 0.156094 
0.388936 0.124335 
0.0903491 0.0278712 
0.327658 0.501308 
0.13467 0.216539 
0.102397 0.147372 
0.341044 0.0551863 
0.704933 0.293508 
0.475902 0.819514 
0.470073 0.433892 
0.227825 0.231231 
0.243551 0.218833 
0.426466 0.542389 
0.587105 0.116975 
0.558201 0.650186 
0.240803 0.225656 
0.574918 0.649836 
0.27953 0.482293 
0.7582 0.338412 
0.321268 0.487148 
0.646255 0.611898 
0.647265 0.0144599 
0.831414 0.243737 
0.693535 0.495894 
0.629169 0.00718884 
0.857679 0.108466 
0.212728 0.351878 
0.396244 0.66496 
0.691185 0.0873595 
0.925196 0.127418 
0.380286 0.545212 
0.642252 0.121846 
0.714526 0.276575 
0.826436 0.284549 
0.409922 0.582179 
0.635632 0.0149643 
0.672768 0.555697 
0.377023 0.625919 
0.349935 0.165162 
0.544529 0.0018236 
0.591451 0.691813 
0.36094 0.184802 
0.553906 0.0820494 
0.10852 0.013742 
0.689982 0.32694 
0.809841 0.0558519 
0.768763 0.39686 
0.506522 0.660152 
0.348615 0.54616 
0.504732 0.853765 
0.476661 0.683491 
0.230677 0.248963 
0.584278 0.678543 
0.295912 0.33916 
0.59837 0.569562 
0.815161 0.11185 
0.202969 0.33835 
0.618392 0.169358 
0.541674 0.758746 
0.137909 0.183574 
0.425118 0.721074 
0.0357409 0.0445509 
0.271612 0.01373 
0.396953 0.137872 
0.446545 0.711634 
0.826701 0.00243868 
0.833869 0.225817 
0.477029 0.758548 
0.51919 0.465712 
0.14713 0.0156762 
0.350497 0.602162 
0.357669 0.555212 
0.610432 0.434565 
0.397008 0.123533 
0.965483 0.0593567 
0.0378833 0.0357591 
0.242804 0.000590618 
0.803379 0.285993 
0.586493 0.580687 
0.485315 0.458426 
0.434271 0.101754 
0.877462 0.193478 
0.510335 0.0158652 
0.0694786 0.0623351 
0.00302582 0.00507858 
0.197965 0.340328 
0.50819 0.661484 
0.410906 0.708312 
0.564289 0.0543963 
0.172464 0.0143792 
0.635581 0.433926 
0.570102 0.433251 
0.52015 0.812428 
0.576842 0.0214542 
0.175169 0.271218 
0.995195 0.00422954 
0.264388 0.394561 
0.853225 0.0140341 
0.444003 0.714681 
0.692477 0.0894794 
0.745157 0.423738 
0.868874 0.189455 
0.851167 0.16973 
0.204801 0.354723 
0.752211 0.378907 
0.379514 0.44036 
0.833941 0.0152925 
0.355336 0.0339423 
0.835624 0.038967 
0.542348 0.654611 
0.460409 0.014166 
0.488786 0.655362 
0.650047 0.582318 
0.401817 0.033896 
0.783817 0.329192 
0.354319 0.223328 
0.764592 0.339216 
0.42027 0.45601 
0.796369 0.348471 
0.121772 0.00368363 
0.444758 0.521695 
0.66964 0.449115 
0.506494 0.439938 
0.324805 0.438538 
0.148769 0.254277 
0.837837 0.226503 
0.360244 0.454338 
0.329289 0.488257 
0.0883135 0.0615306 
0.725755 0.224402 
0.50549 0.0069674 
0.285022 0.222534 
0.428696 0.0691384 
0.35159 0.46012 
0.458766 0.774265 
0.629141 0.167826 
0.993736 0.00260326 
0.542086 0.0150513 
0.31762 0.434266 
0.601243 0.662417 
0.318285 0.517375 
0.389979 0.670665 
0.448723 0.514203 
0.817945 0.0828858 
0.286422 0.326794 
0.605982 0.555473 
0.977625 0.0280149 
0.354499 0.46833 
0.317094 0.492228 
0.170637 0.270655 
0.606924 0.449064 
0.0394357 0.0614741 
0.509992 0.815295 
0.63143 0.43524 
0.670217 0.0697795 
0.28844 0.467004 
0.572528 0.0681012 
0.584783 0.0355737 
0.277281 0.385325 
0.672629 0.511137 
0.797692 0.298649 
0.971885 0.0279091 
0.45715 0.0593116 
0.705119 0.341253 
0.885399 0.123513 
0.648108 0.470372 
0.419888 0.463464 
0.92226 0.132568 
0.255637 0.327733 
0.451589 0.51008 
0.658595 0.585672 
0.465633 0.027963 
0.705863 0.448458 
0.406472 0.0535286 
0.0415199 0.00425508 
0.442187 0.440691 
0.573894 0.70917 
0.817832 0.278297 
0.274696 0.367495 
0.582832 0.548144 
0.443563 0.523561 
0.40089 0.0041796 
0.127421 0.220685 
0.407095 0.697838 
0.0895182 0.0070126 
0.0774474 0.0795587 
0.740988 0.448567 
0.554537 0.088104 
0.119985 0.193021 
0.575489 0.730729 
0.078478 0.0139574 
0.157175 0.258003 
0.683759 0.527867 
0.574357 0.722358 
0.3308 0.123019 
0.338935 0.0271798 
0.325395 0.109577 
0.932848 0.112502 
0.353865 0.460606 
0.46433 0.79036 
0.66275 0.226913 
0.919151 0.028808 
0.580041 0.0220426 
0.372385 0.542224 
0.333337 0.219917 
0.826494 0.272873 
0.136912 0.181253 
0.527659 0.805663 
0.607215 0.448289 
0.186833 0.0546429 
0.196495 0.284441 
0.136293 0.196925 
0.305613 0.0554547 
0.417712 0.0729652 
0.588726 0.108261 
0.602258 0.136427 
0.19456 0.0621655 
0.635899 0.16598 
0.681002 0.0610016 
0.707689 0.0326301 
0.85439 0.175911 
0.678528 0.444324 
0.729327 0.25041 
0.142834 0.24549 
0.811823 0.0949435 
0.637089 0.453839 
0.489092 0.00340524 
0.629915 0.598824 
0.677174 0.0174218 
0.598476 0.596271 
0.912763 0.0416672 
0.198453 0.0189531 
0.36245 0.176901 
0.436486 0.0827306 
0.504693 0.763112 
0.558307 0.521247 
0.287053 0.253296 
0.380519 0.549837 
0.820706 0.223727 
0.271294 0.35215 
0.216344 0.328891 
0.572549 0.43302 
0.90753 0.0561255 
0.604179 0.598865 
0.636389 0.602168 
0.557162 0.0903087 
0.6163 0.00141483 
0.651935 0.223925 
0.43365 0.737052 
0.179095 0.0676891 
0.383918 0.596437 
0.392278 0.185295 
0.630332 0.62323 
0.290483 0.0376349 
0.311692 0.311512 
0.846723 0.136185 
0.47004 0.692346 
0.595746 0.138622 
0.833126 0.22 
0.328467 0.132154 
0.252355 0.328143 
0.694713 0.498306 
0.283975 0.373416 
0.508154 0.439894 
0.321577 0.488319 
0.357197 0.0223726 
0.319736 0.528623 
0.214541 0.352114 
0.32301 0.00793223 
0.208479 0.3391 
0.377338 0.639508 
0.896764 0.165183 
0.708082 0.329467 
0.58483 0.656406 
0.084783 0.0652028 
0.309808 0.0958912 
0.3293 0.241297 
0.655422 0.04189 
0.693075 0.220373 
0.855975 0.0209499 
0.569163 0.649521 
0.711112 0.439898 
0.272197 0.440843 
0.302477 0.0570486 
0.598073 0.152919 
0.760035 0.326771 
0.601024 5.41048e-05 
0.673066 0.563573 
0.331217 0.275353 
0.82863 0.0143003 
0.958277 0.0676665 
0.0668577 0.0067998 
0.580333 0.707457 
0.585118 0.0283374 
0.438882 0.515928 
0.899164 0.169556 
0.972615 0.0473802 
0.348838 0.170474 
0.579907 0.43307 
0.552249 0.504887 
0.923043 0.109581 
0.522572 0.686749 
0.272382 0.468233 
0.242707 0.000451048 
0.637702 0.448224 
0.487159 0.453532 
0.7126 0.469036 
0.787641 0.218968 
0.299099 0.2727 
0.551667 0.5189 
0.639426 0.457758 
0.106897 0.184369 
0.545485 0.673728 
0.578946 0.0687586 
0.442576 0.489151 
0.417522 0.681657 
0.138569 0.191986 
0.533121 0.800095 
0.561376 0.7578 
0.52704 0.463561 
0.144418 0.250085 
0.666365 0.576809 
0.669061 0.00433529 
0.157591 0.0517765 
0.33103 0.135352 
0.474947 0.656538 
0.107975 0.182737 
0.268796 0.460925 
0.100745 0.170025 
0.141637 0.217382 
0.605205 0.560313 
0.337452 0.252519 
0.905604 0.0525807 
0.428998 0.433863 
0.607022 0.543649 
0.524882 0.462206 
0.737726 0.433101 
0.325791 0.217108 
0.893203 0.0289671 
0.168664 0.0687253 
0.366447 0.548413 
0.454385 0.70397 
0.492609 0.822564 
0.233058 0.34552 
0.393011 0.618077 
0.576703 0.0141964 
0.347936 0.582107 
0.48983 0.0022316 
0.535487 0.710413 
0.394823 0.677028 
0.798143 0.0676591 
0.340494 0.21699 
0.369409 0.550049 
0.193433 0.326557 
0.678644 0.0067681 
0.432485 0.116882 
0.434613 0.519137 
0.360438 0.190966 
0.555324 0.521106 
0.543963 0.77807 
0.545274 0.665293 
0.310372 0.0964263 
0.440509 0.518542 
0.182375 0.0608964 
0.739671 0.328144 
0.703649 0.0785479 
0.411716 0.710442 
0.858379 0.123389 
0.727174 0.0077716 
0.605167 0.677064 
0.346139 0.436449 
0.597346 8.42901e-07 
0.511074 0.763104 
0.524798 0.800087 
0.740821 0.00743724 
0.534496 0.00450668 
0.329783 0.0299245 
0.6714 0.122547 
0.703205 0.0268689 
0.0699969 0.0662655 
0.714436 0.274574 
0.170512 0.241206 
0.311657 0.105059 
0.166593 0.0338332 
0.358225 0.617594 
0.380484 0.657984 
0.602639 0.651383 
0.753109 0.220739 
0.637474 0.62778 
0.442806 0.658486 
0.576033 0.121917 
0.60584 0.453425 
0.770825 0.383135 
0.775105 0.0298682 
0.696871 0.33199 
0.430784 0.71229 
0.462941 0.0100223 
0.359023 0.615811 
0.0832877 0.00711766 
0.590453 0.0306514 
0.655411 0.244546 
0.926103 0.0136395 
0.71302 0.279302 
0.608991 0.131953 
0.41694 0.559769 
0.36401 0.179294 
0.399136 0.603245 
0.503807 0.858557 
0.70043 0.0710478 
0.0742608 0.0743247 
0.332769 0.248212 
0.317111 0.52861 
0.467985 0.676926 
0.667639 0.433443 
0.33159 0.506243 
0.399567 0.659774 
0.389291 0.162963 
0.369831 0.630071 
0.558636 0.00660746 
0.762614 0.346463 
0.69734 0.514256 
0.756159 0.414731 
0.478854 0.773422 
0.390801 0.622093 
0.772044 0.227607 
0.295733 0.074545 
0.669027 0.556121 
0.33463 0.245367 
0.161841 0.137228 
0.492655 0.764965 
0.335142 0.251488 
0.707382 0.332074 
0.152586 0.260903 
0.367119 0.121448 
0.333384 0.548679 
0.207964 0.071114 
0.615536 0.602468 
0.835454 0.115762 
0.360984 0.564241 
0.604183 0.163524 
0.397086 0.66321 
0.637618 0.234796 
0.585825 0.14865 
0.697929 0.217405 
0.831373 0.237883 
0.657431 0.137222 
0.395159 0.17931 
0.936207 0.110011 
0.377556 0.597094 
0.118699 0.191846 
0.433427 0.111862 
0.349998 0.252582 
0.740025 0.340042 
0.610274 0.162454 
0.723192 0.35867 
0.396342 0.665762 
0.956273 0.0595485 
0.343131 0.484194 
0.39516 0.555027 
0.52671 0.656877 
0.218629 0.324969 
0.332606 0.034684 
0.668081 0.250137 
0.271303 0.231784 
0.0960313 0.112098 
0.659404 0.568714 
0.153207 0.113019 
0.779681 0.26432 
0.428877 0.552805 
0.740218 0.328171 
0.276011 0.0356424 
0.565011 0.544708 
0.632011 0.109159 
0.236609 0.00339077 
0.41879 0.451833 
0.564088 0.0559238 
0.52695 0.439932 
0.455303 0.665119 
0.0445123 0.0271992 
0.271673 0.335206 
0.633319 0.175916 
0.679064 0.497414 
0.426483 0.440147 
0.365917 0.623354 
0.544074 0.451395 
0.77453 0.334917 
0.950598 0.000636887 
0.768789 0.233793 
0.901426 0.00491841 
0.301127 0.284167 
0.496907 0.758834 
0.587098 0.657978 
0.011291 0.0140078 
0.883398 0.0074333 
0.391934 0.433582 
0.854134 0.126211 
0.699696 0.506598 
0.39421 0.573827 
0.670682 0.270664 
0.744249 0.00272413 
0.557543 0.488002 
0.209848 0.224735 
0.925004 0.126239 
0.556547 0.0639881 
0.291442 0.354018 
0.302142 0.00736389 
0.400071 0.467129 
0.300135 0.000242443 
0.147985 0.122525 
0.927462 0.0829227 
0.772871 0.325422 
0.547818 0.0760504 
0.547705 0.771551 
0.552655 0.057144 
0.580426 0.0272967 
0.649636 0.435055 
0.246801 0.422872 
0.0549079 0.0941137 
0.932457 0.11297 
0.675564 0.067902 
0.207616 0.250897 
0.335005 0.433013 
0.655925 0.267267 
0.346354 0.109373 
0.789425 0.0615194 
0.397528 0.596326 
0.299646 0.00341928 
0.343993 0.161954 
0.442693 0.748126 
0.0709198 0.00735083 
0.787458 0.0287584 
0.867061 0.172537 
0.209221 0.0290849 
0.331811 0.275921 
0.295484 0.460198 
0.471501 0.651308 
0.420064 0.45598 
0.457941 0.789066 
0.347369 0.598789 
0.138349 0.108466 
0.0623101 0.101489 
0.551321 0.0880239 
0.762534 0.397204 
0.372753 0.436413 
0.342241 2.23499e-05 
0.730862 0.325318 
0.602398 0.142255 
0.413478 0.0407042 
0.618308 0.203115 
0.540717 0.067872 
0.661149 0.258393 
0.15386 0.260917 
0.0657002 0.0850273 
0.200226 0.231564 
0.726062 0.0397174 
0.943445 0.0573592 
0.445892 0.52492 
0.686076 0.535399 
0.787209 0.365388 
0.738677 0.0174444 
0.898226 0.0131088 
0.817849 0.274043 
0.638381 0.193143 
0.705861 0.448289 
0.346788 0.434044 
0.548434 0.0700255 
0.30744 0.0543909 
0.284343 0.270746 
0.954179 0.0541468 
0.338361 0.243596 
0.593163 0.704187 
0.646861 0.254317 
0.490557 0.812133 
0.324242 0.504093 
0.619538 0.169615 
0.295359 0.338983 
0.675925 0.487306 
0.879755 0.111798 
0.690748 0.515262 
0.694268 0.494759 
0.268493 0.346538 
0.903449 0.150551 
0.33276 0.0173161 
0.275981 0.433134 
0.682349 0.0854526 
0.176212 0.284898 
0.521238 0.766445 
0.650363 0.116753 
0.28816 0.228416 
0.724431 0.223279 
0.662944 0.137237 
0.316919 0.0998025 
0.915473 0.115928 
0.41157 0.115658 
0.616079 0.175918 
0.580886 0.461134 
0.316047 0.490638 
0.467974 0.808863 
0.423407 0.020352 
0.399921 0.471032 
0.411288 0.691528 
0.684403 0.0541516 
0.580505 0.463552 
0.483753 0.826382 
0.0544976 0.0611146 
0.160295 0.00647224 
0.724674 0.260141 
0.582832 0.00761161 
0.5127 0.438079 
0.275963 0.382309 
0.556998 0.523517 
0.219103 0.216733 
0.347135 0.217353 
0.720561 0.00269919 
0.266612 0.32636 
0.451553 0.455445 
0.571966 0.549996 
0.302555 0.230345 
0.541528 0.786554 
0.576613 0.433014 
0.369551 0.00721834 
0.252359 0.381029 
0.726868 0.230141 
0.68112 0.548494 
0.582108 0.466485 
0.71737 0.0287833 
0.163106 0.0372139 
0.553518 0.435024 
0.78833 0.353079 
0.326474 0.286706 
0.309834 0.0959515 
0.200359 0.0713066 
0.263647 0.401724 
0.449877 0.517819 
0.4828 0.671951 
0.458446 0.0362139 
0.823657 0.0618048 
0.40139 0.571749 
0.359977 0.621379 
0.737968 0.395913 
0.587314 0.042968 
0.510851 0.0076285 
0.384883 0.19259 
0.647197 0.216855 
0.349505 0.260507 
0.654596 0.00175362 
0.768268 0.00218863 
0.613657 0.115458 
0.928686 0.0693896 
0.254127 0.222876 
0.367652 0.633407 
0.694284 0.312708 
0.356826 0.0170445 
0.886232 0.190185 
0.704001 0.324873 
0.350895 0.00687499 
0.860436 0.177748 
0.813061 0.108734 
0.457601 0.0728714 
0.310503 0.297719 
0.802852 0.00866045 
0.969483 0.0418107 
0.291372 0.328308 
0.706437 0.491184 
0.160529 0.0615091 
0.695473 0.0669517 
0.676644 0.274133 
0.386815 0.433179 
0.557787 0.749391 
0.287888 0.00107072 
0.770767 0.230376 
0.643971 0.554921 
0.276353 0.0319495 
0.590483 0.707479 
0.645604 0.439824 
0.497677 0.842543 
0.197943 0.224409 
0.676738 0.015025 
0.83503 0.224236 
0.256329 0.000743369 
0.26487 0.40633 
0.286718 0.0429491 
0.27361 0.0374311 
0.199389 0.0847844 
0.509927 0.65217 
0.630336 0.218887 
0.82503 0.0845745 
0.336645 0.471918 
0.527269 0.436471 
0.130135 0.21821 
0.739901 0.0153313 
0.384362 0.606106 
0.160771 0.0444009 
0.30784 0.440018 
0.514357 0.447466 
0.900989 0.0270824 
0.110267 0.109135 
0.889223 0.0242059 
0.463586 0.027105 
0.786784 0.273177 
0.807543 0.315459 
0.408664 0.056563 
0.269304 0.344215 
0.31757 0.116082 
0.614025 0.115247 
0.494429 0.757794 
0.175179 0.23108 
0.70062 0.514937 
0.586947 0.119884 
0.678857 0.0119459 
0.528848 0.475361 
0.213313 0.331534 
0.484668 0.781667 
0.163086 0.272312 
0.587592 0.659986 
0.416149 0.0560489 
0.612736 0.668646 
0.652947 0.0407013 
0.619546 0.435689 
0.42705 0.501781 
0.33018 0.0576816 
0.28812 0.47451 
0.84711 0.156037 
0.273022 0.391444 
0.637537 0.23004 
0.323436 0.0188869 
0.51016 0.819088 
0.468046 0.054342 
0.664641 0.575626 
0.260513 0.00107099 
0.714219 0.491581 
0.798637 0.0769712 
0.914722 0.120627 
0.435161 0.433449 
0.403975 0.0273474 
0.784695 0.274061 
0.487942 0.757799 
0.708779 0.226084 
0.157569 0.155728 
0.794721 0.348034 
0.736895 0.326943 
0.825568 0.0847382 
0.544059 0.762119 
0.969495 0.0524388 
0.420772 0.543148 
0.47929 0.462089 
0.872564 0.191982 
0.197053 0.338542 
0.622642 0.623156 
0.179492 0.283599 
0.513037 0.840047 
0.725908 0.359543 
0.572448 0.0544391 
0.841119 0.00196235 
0.653393 0.028417 
0.439681 0.0981318 
0.460156 0.66333 
0.434886 0.5354 
0.28306 0.266935 
0.915974 0.036384 
0.338828 0.488759 
0.325971 0.219285 
0.474234 0.460684 
0.974972 0.00696792 
0.852918 0.124005 
0.912947 0.119276 
0.662264 0.0289026 
0.661437 0.260775 
0.350664 0.0116504 
0.207737 0.275754 
0.299456 0.270648 
0.840978 0.111909 
0.257957 0.337585 
0.33438 0.0359845 
0.722086 0.00088059 
0.317661 0.440947 
0.475382 0.792514 
0.651821 0.108677 
0.363943 0.613221 
0.26024 0.328167 
0.120099 0.191135 
0.232629 0.37924 
0.267765 0.433281 
0.704561 0.237572 
0.774605 0.254572 
0.263554 0.456006 
0.419289 0.670357 
0.321848 0.493961 
0.764791 0.241886 
0.423155 0.561874 
0.105458 0.179308 
0.848991 0.163398 
0.872139 6.72371e-06 
0.630473 0.108283 
0.401717 0.585246 
0.491055 0.446697 
0.138643 0.192775 
0.211578 0.0390497 
0.586621 0.000440322 
0.855756 0.0197202 
0.289276 0.499865 
0.226696 0.36384 
0.276175 0.00429671 
0.919324 0.0678178 
0.521708 0.771543 
0.682759 0.000109679 
0.678431 0.0137449 
0.10773 0.177712 
0.606429 0.542872 
0.219661 0.0284145 
0.181081 0.0921989 
0.698053 0.515374 
0.932787 0.0583701 
0.525227 0.766262 
0.659361 0.480469 
0.583255 0.490937 
0.341496 0.57096 
0.338202 0.13752 
0.357976 0.237313 
0.707597 0.287575 
0.360742 0.455035 
0.55734 0.711304 
0.4308 0.711788 
0.103525 0.00339349 
0.174037 0.111042 
0.20844 0.325699 
0.886881 0.165977 
0.826568 0.293045 
0.0361783 0.0338548 
0.338492 0.257718 
0.81075 0.320544 
0.733726 0.460641 
0.819016 0.279104 
0.620463 0.629332 
0.588372 0.571712 
0.637057 0.449974 
0.278525 0.259136 
0.521209 0.685913 
0.641986 0.132906 
0.571553 0.66509 
0.450154 0.667918 
0.792677 0.0326136 
0.692126 0.0888026 
0.728499 0.469394 
0.0362048 0.0555075 
0.60186 0.142516 
0.736309 0.21971 
0.572119 0.00687408 
0.108013 0.0136449 
0.539985 0.0660578 
0.458642 0.760556 
0.110648 0.190563 
0.229345 0.220024 
0.57832 0.487407 
0.714226 0.0614338 
0.537993 0.686781 
0.449732 8.30169e-07 
0.604969 0.0277028 
0.0730868 0.0588245 
0.287558 0.470676 
0.548925 0.773975 
0.551484 0.447417 
0.399675 0.00798466 
0.32914 0.237656 
0.634364 0.178291 
0.177376 0.110379 
0.157794 0.257119 
0.635434 0.612736 
0.514334 0.663132 
0.459494 0.651669 
0.806043 0.226776 
0.0961401 0.13878 
0.699046 0.297712 
0.197875 0.274123 
0.543664 0.454507 
0.84984 0.223505 
0.663873 0.282692 
0.673314 0.489612 
0.582577 0.505799 
0.746699 0.382885 
0.483935 0.781505 
0.67026 0.137895 
0.263209 0.00215442 
0.671011 0.243739 
0.247788 0.428375 
0.731435 0.0304506 
0.663405 0.00720278 
0.831853 0.113384 
0.614354 0.123088 
0.408854 0.0416852 
0.727406 0.0373896 
0.325881 0.230303 
0.755644 0.226021 
0.322673 0.489535 
0.509111 0.433927 
0.644117 0.230529 
0.194707 0.0651278 
0.682173 0.0630601 
0.643702 0.139684 
0.696996 0.280811 
0.723453 0.383966 
0.301436 0.331602 
0.90266 0.149327 
0.642614 0.435603 
0.708568 0.43303 
0.699732 0.0142081 
0.778501 0.369852 
0.739196 0.447916 
0.145275 0.16779 
0.426107 0.450049 
0.663363 0.281894 
0.647851 0.548175 
0.533868 0.460349 
0.861764 0.00261783 
0.0871293 0.116951 
0.582271 0.10863 
0.203684 0.285092 
0.270856 0.234443 
0.574543 0.492346 
0.970327 0.0276095 
0.191322 0.329979 
0.54922 0.450562 
0.161306 0.224972 
0.119294 0.162526 
0.409368 0.474761 
0.620274 0.65423 
0.51986 0.682777 
0.549138 0.0764084 
0.748947 0.420988 
0.698437 0.220212 
0.60404 0.115709 
0.780908 0.379104 
0.414658 0.145994 
0.685223 0.0828822 
0.388109 0.670243 
0.305244 0.528263 
0.645492 0.180986 
0.352971 0.0276984 
0.444883 0.521658 
0.519641 0.761155 
0.445601 0.524417 
0.584226 0.448646 
0.678458 0.278257 
0.449527 0.505961 
0.698073 0.325619 
0.395674 0.122758 
0.200543 0.0833075 
0.649817 0.173411 
0.449989 0.708086 
0.43196 0.733472 
0.606638 0.54551 
0.765586 0.0266482 
0.553786 0.0652016 
0.0690366 0.0611106 
0.276794 0.00432796 
0.361737 0.12402 
0.612815 0.609592 
0.833188 0.223536 
0.387476 0.654914 
0.5536 0.0150307 
0.839649 0.114227 
0.23641 0.402385 
0.704451 0.237401 
0.535781 0.710648 
0.368272 0.0101696 
0.52222 0.460077 
0.401765 0.653576 
0.97224 0.0412334 
0.568813 0.713825 
0.540691 0.448692 
0.802844 0.0638727 
0.316143 0.108285 
0.292056 0.274941 
0.325601 0.237467 
0.52036 0.466953 
0.387992 0.454367 
0.657067 0.582958 
0.806738 0.00182652 
0.419071 0.487986 
0.746009 0.382412 
0.839254 0.152235 
0.772628 0.379015 
0.592631 0.00193378 
0.859881 0.02602 
0.590497 0.0448244 
0.274497 0.245113 
0.052644 0.0707525 
0.712832 0.327986 
0.950229 0.0689716 
0.408725 0.697517 
0.448556 0.0618283 
0.817756 0.315642 
0.573475 0.0612957 
0.732516 0.456407 
0.879534 0.203148 
0.0930136 0.14917 
0.301373 0.274126 
0.551205 0.0846836 
0.102874 0.108722 
0.130008 0.00104438 
0.154797 0.0412297 
0.168596 0.136342 
0.214986 0.0321513 
0.514578 0.839914 
0.497263 0.840953 
0.659582 0.460225 
0.631049 0.189744 
0.176427 0.058397 
0.301911 0.440044 
0.10611 0.1794 
0.165711 0.00221684 
0.602692 0.549347 
0.41789 0.547206 
0.322359 0.495704 
0.412154 0.713709 
0.977804 0.0110211 
0.910297 0.135427 
0.709376 0.231893 
0.761433 0.00624237 
0.646128 0.00737743 
0.231884 0.340055 
0.453696 0.0542455 
0.793659 0.343861 
0.269308 0.243943 
0.212359 0.272762 
0.433855 0.514203 
0.304691 0.283959 
0.511286 0.76166 
0.856299 0.122031 
0.476269 0.473824 
0.559064 0.085227 
0.571088 0.0880122 
0.271811 0.381064 
0.355352 0.233608 
0.836518 0.256095 
0.860608 0.231268 
0.822882 0.297897 
0.732542 0.0302307 
0.307333 0.532178 
0.406643 0.14938 
0.330308 0.446928 
0.554089 0.714829 
0.694497 0.0955805 
0.604715 0.434098 
0.400289 0.00185253 
0.0880722 0.0628971 
0.0223015 0.00677689 
0.825518 0.27428 
0.176687 0.285658 
0.525998 0.801956 
0.435282 0.534879 
0.544776 0.0576228 
0.629289 0.628074 
0.406563 0.568765 
0.904456 0.0290266 
0.559949 0.53207 
0.176954 0.0882349 
0.245171 0.424434 
0.800402 0.000438305 
0.697313 0.0846456 
0.470737 0.690141 
0.650358 0.441518 
0.655537 0.0282332 
0.38998 0.566853 
0.190479 0.082544 
0.626499 0.210428 
0.684655 0.0554053 
0.24774 0.421691 
0.16543 0.00765419 
0.575335 0.7072 
0.458542 0.663763 
0.287182 0.33457 
0.618223 0.62403 
0.564196 0.703879 
0.591994 0.676818 
0.485633 0.840893 
0.59879 0.116318 
0.916925 0.13964 
0.566034 0.437018 
0.310603 0.321469 
0.459674 0.705406 
0.684164 0.111696 
0.63829 0.23395 
0.728072 0.325415 
0.26722 0.231889 
0.412495 0.705341 
0.577793 0.703755 
0.0448499 0.0235274 
0.470088 0.787116 
0.271892 0.381213 
0.336621 0.109157 
0.210202 0.278672 
0.315519 0.302919 
0.0816864 0.0275021 
0.425152 0.0867138 
0.315986 0.531548 
0.268214 0.455142 
0.40938 0.00512797 
0.111048 0.128819 
0.576067 0.13125 
0.092108 0.0290482 
0.613329 0.629132 
0.355517 0.460077 
0.615638 0.656748 
0.333247 0.0350718 
0.924488 0.0814591 
0.416333 0.490542 
0.738649 0.0173395 
0.588028 0.117788 
0.77567 0.325012 
0.518349 0.0304596 
0.798524 0.0681843 
0.700353 0.500909 
0.454387 0.664968 
0.531869 0.0551326 
0.177571 0.272461 
0.154363 0.165349 
0.341652 0.434849 
0.622657 0.624715 
0.289737 0.28192 
0.917097 0.115891 
0.409791 0.541425 
0.2187 0.216591 
0.282888 0.270846 
0.597097 0.10868 
0.11221 0.000956969 
0.571486 0.738609 
0.795467 0.239216 
0.416841 0.0149349 
0.834018 0.0367927 
0.434891 0.542238 
0.594886 0.110157 
0.735882 0.448679 
0.665911 0.287151 
0.625828 0.203969 
0.321665 0.548138 
0.088545 0.00216891 
0.149091 0.119516 
0.403509 0.435009 
0.355852 0.59941 
0.657494 0.582291 
0.810508 0.328169 
0.22077 0.259641 
0.605939 0.166417 
0.853901 0.170844 
0.295086 0.4563 
0.783427 0.274261 
0.883952 0.00761159 
0.363227 0.438944 
0.494327 0.000294273 
0.142831 0.24548 
0.767035 0.399238 
0.471835 0.654015 
0.885046 0.00872555 
0.243368 0.00191634 
0.208582 0.358617 
0.477364 0.823184 
0.814551 0.314226 
0.58274 0.653153 
0.271468 0.232998 
0.180412 0.0917747 
0.611622 0.557354 
0.694438 0.0102875 
0.597066 0.15279 
0.915142 0.0693535 
0.0846822 0.110213 
0.232579 0.347732 
0.289663 0.0276003 
0.813669 0.270846 
0.607098 0.450196 
0.635291 0.220558 
0.525615 0.0298198 
0.723866 0.437471 
0.9135 0.039399 
0.763957 0.348864 
0.550415 0.0204036 
0.791631 0.274624 
0.835253 0.037265 
0.582373 0.0614839 
0.724267 0.00693515 
0.316872 0.519284 
0.489595 0.65347 
0.234302 0.405543 
0.940131 0.101973 
0.609425 0.128558 
0.681841 0.117796 
0.650598 0.575095 
0.215471 0.0314243 
0.131757 0.170124 
0.821931 0.0563967 
0.365077 0.62251 
0.456587 0.452268 
0.782244 0.377143 
0.464418 0.46523 
0.410899 0.109107 
0.761012 0.385653 
0.345301 0.4623 
0.924549 0.0755933 
0.727908 0.380767 
0.382522 0.55355 
0.573111 0.433858 
0.572687 0.0630169 
0.313634 0.272539 
0.0634894 0.0827926 
0.341155 0.490668 
0.798513 0.300235 
0.708293 0.500704 
0.430079 0.095277 
0.118313 0.169256 
0.601877 0.162858 
0.938098 0.107197 
0.573493 0.65376 
0.572728 0.707033 
0.429345 0.487351 
0.539838 0.769627 
0.208893 0.284218 
0.900924 0.116739 
0.442781 0.521499 
0.885139 0.178608 
0.275659 0.352045 
0.27481 0.258898 
0.35592 0.433753 
0.215127 0.331035 
0.260661 0.218311 
0.483246 0.676738 
0.371352 0.545092 
0.593403 0.697097 
0.800679 0.345221 
0.956924 0.0606482 
0.466971 0.651432 
0.512136 0.844678 
0.383221 0.554084 
0.426584 0.735017 
0.317669 0.436746 
0.824042 0.0737964 
0.575478 0.4908 
0.700587 0.437375 
0.736966 0.396861 
0.981328 0.000952788 
0.128555 0.112165 
0.674027 0.489173 
0.168302 0.246993 
0.775109 0.225863 
0.928832 0.121984 
0.52836 0.651279 
0.868726 0.00240731 
0.424344 0.672187 
0.65038 0.571303 
0.46403 0.433295 
0.991764 0.00071857 
0.57137 0.541402 
0.538154 0.766083 
0.291599 0.288 
0.399629 0.542484 
0.864417 0.11251 
0.705635 0.0271235 
0.424591 0.555696 
0.525721 0.798502 
0.225231 0.0293683 
0.711149 0.363983 
0.317983 0.489782 
0.164958 0.119278 
0.281824 0.373082 
0.418629 0.680933 
0.66917 0.284165 
0.168424 0.112378 
0.338763 0.572559 
0.607364 0.111312 
0.836796 0.251716 
0.701259 0.327852 
0.522268 0.443223 
0.759907 0.408698 
0.42167 0.12206 
0.0903868 0.0447286 
0.411486 0.651319 
0.659618 0.270633 
0.741404 0.32582 
0.689383 0.530815 
0.707605 0.222275 
0.285512 0.0611111 
0.726511 0.337871 
0.285087 0.0336306 
0.420963 0.130036 
0.352872 0.217082 
0.39207 0.433467 
0.260436 0.326716 
0.131459 0.19131 
0.604422 0.175974 
0.832737 0.00550083 
0.315166 0.110375 
0.614438 0.193984 
0.747375 0.422968 
0.167702 0.287931 
0.329571 0.272777 
0.67442 0.435236 
0.614208 0.622514 
0.223558 0.224186 
0.720127 0.473654 
0.324472 0.436622 
0.703146 0.51413 
0.569372 0.522584 
0.424374 0.717686 
0.323053 0.0155272 
0.603592 0.658941 
0.734044 0.230568 
0.66239 0.495942 
0.564723 0.752706 
0.856982 0.137022 
0.416172 0.46962 
0.860972 0.240299 
0.600239 0.43481 
0.578299 0.10852 
0.248188 0.379063 
0.449816 0.0750615 
0.066486 0.00518069 
0.404582 0.676853 
0.452464 0.7295 
0.419492 0.0161624 
0.344692 0.0516344 
0.967971 0.0518263 
0.0901285 0.0444707 
0.712962 0.0439817 
0.710278 0.36248 
0.827278 0.0753861 
0.403974 0.473889 
0.547551 0.650662 
0.707212 0.277399 
0.839307 0.250971 
0.205472 0.338972 
0.161238 0.0042485 
0.337488 0.576796 
0.722356 0.262474 
0.243907 0.388193 
0.157993 0.270877 
0.721857 0.465259 
0.605111 0.666441 
0.362543 0.180565 
0.556493 0.441715 
0.129182 0.206384 
0.31489 0.301139 
0.117897 0.197266 
0.550576 0.514533 
0.784231 0.0304991 
0.706945 0.500697 
0.900731 0.0423212 
0.380119 0.00886614 
0.716644 0.26413 
0.106652 0.0211531 
0.698584 0.446975 
0.858183 0.238009 
0.101351 0.0101758 
0.567811 0.000939476 
0.711897 0.495387 
0.54402 0.7858 
0.728072 0.254168 
0.0290442 0.0442007 
0.267509 0.21916 
0.208346 0.0348279 
0.227956 0.0275424 
0.560229 0.101915 
0.665347 0.116816 
0.157068 0.136719 
0.464711 0.801769 
0.357831 0.435238 
0.321486 0.0645015 
0.356353 0.610353 
0.0415744 0.0355868 
0.790389 0.354045 
0.479967 0.826298 
0.585428 0.714541 
0.227339 0.231214 
0.835504 0.251034 
0.721995 0.465654 
0.520533 0.657582 
0.275757 0.220312 
0.677577 0.304715 
0.300169 0.346104 
0.335087 0.552687 
0.475884 0.0342632 
0.466403 0.704284 
0.505091 0.765392 
0.198889 0.059686 
0.557572 0.488908 
0.86031 0.177421 
0.615451 0.117057 
0.419285 0.0171323 
0.463281 0.79383 
0.425266 0.703677 
0.329759 0.556776 
0.427541 0.1113 
0.75954 0.0152281 
0.16634 0.0635411 
0.934196 0.0985276 
0.629334 0.00581291 
0.297831 0.295954 
0.598039 0.466122 
0.871995 0.163249 
0.14193 0.236869 
0.583076 0.112995 
0.28396 0.055299 
0.765925 0.237288 
0.6085 0.187016 
0.455354 0.433488 
0.982594 0.000281544 
0.786346 0.251208 
0.747487 0.43345 
0.403654 0.0272114 
0.321463 0.434159 
0.610141 0.664135 
0.443817 0.441939 
0.0432313 0.0579466 
0.531092 0.433162 
0.442919 0.704403 
0.74868 0.435139 
0.663849 0.034041 
0.441919 0.731595 
0.918382 0.0728385 
0.200091 0.27203 
0.53795 0.493927 
0.673667 0.284219 
0.302405 0.0136643 
0.149585 0.142088 
0.680606 0.0927009 
0.534133 0.0317386 
0.278578 0.329358 
0.710315 0.0678448 
0.666704 0.0275093 
0.416348 0.108404 
0.200646 0.237446 
0.654079 0.109988 
0.646872 0.178186 
0.823544 0.220946 
0.418051 0.703761 
0.291507 0.342498 
0.823452 0.000323082 
0.861765 0.110872 
0.932795 0.00476667 
0.259128 0.0154752 
0.447477 0.514259 
0.708635 0.0711486 
0.365503 0.597971 
0.487147 0.446652 
0.449656 0.447056 
0.307843 0.332705 
0.776689 0.0410712 
0.36083 0.191558 
0.138007 0.163313 
0.617101 0.602269 
0.60432 0.680249 
0.825864 0.108467 
0.201557 0.299419 
0.244737 0.224244 
0.962443 0.00752237 
0.648694 2.04929e-05 
0.683674 0.547244 
0.321111 0.0076959 
0.732227 0.394179 
0.478123 0.760049 
0.385531 0.629486 
0.596761 0.0453059 
0.41621 0.666438 
0.132938 0.228537 
0.847219 0.260566 
0.421607 0.724377 
0.201654 0.325579 
0.536234 0.0016948 
0.26205 0.230295 
0.777812 0.000453433 
0.476098 0.467276 
0.245744 0.386209 
0.537881 0.78572 
0.225748 0.00690012 
0.62853 0.11349 
0.421574 0.501098 
0.427038 0.435051 
0.184745 0.00344241 
0.578757 0.717715 
0.294281 0.245523 
0.164173 0.256679 
0.787543 0.0630877 
0.565552 0.11311 
0.907832 0.0274938 
0.929856 0.0659801 
0.702858 0.284588 
0.415278 0.0621375 
0.371428 0.628108 
0.72032 0.327052 
0.46761 0.481436 
0.678498 0.230066 
0.786665 0.0558743 
0.673745 0.0219898 
0.554257 0.00749593 
0.542281 0.0137965 
0.455642 0.704188 
0.329186 0.0238194 
0.175136 0.291994 
0.617627 0.659742 
0.183677 0.113435 
0.657516 0.0512442 
0.669973 0.0573808 
0.410626 0.479122 
0.920942 0.0759244 
0.29194 0.441268 
0.484674 0.446845 
0.903852 0.0431345 
0.2248 0.257373 
0.688332 0.527904 
0.835569 0.255942 
0.408308 0.699538 
0.395931 0.680441 
0.972298 0.0308761 
0.27076 0.436408 
0.517597 0.781255 
0.414949 0.0285455 
0.764245 0.217204 
0.423542 0.00196964 
0.913385 0.142303 
0.0872177 0.0611984 
0.718345 0.270751 
0.198963 0.325094 
0.533873 0.708186 
0.559107 0.0582502 
0.626661 0.216561 
0.399372 0.109152 
0.732779 0.338888 
0.703706 0.460545 
0.387902 0.163477 
0.0992013 0.10995 
0.231908 0.233452 
0.70121 0.05712 
0.328749 0.29643 
0.648256 0.14848 
0.316198 0.316555 
0.565243 0.096506 
0.361553 0.00297706 
0.300187 0.0820357 
0.581157 0.465273 
0.512239 0.844816 
0.793608 0.233464 
0.601036 0.174919 
0.522042 0.649587 
0.744488 0.421612 
0.815351 0.0820489 
0.901358 0.0279192 
0.740907 0.227813 
0.144252 0.111851 
0.392007 0.0144949 
0.145832 0.126032 
0.162325 0.0071119 
0.658772 0.0287849 
0.311461 0.538731 
0.181734 0.218304 
0.932017 0.00355812 
0.678807 0.0686394 
0.144077 0.00385269 
0.376231 0.637904 
0.772781 0.362895 
0.67343 0.489494 
0.107619 0.00285526 
0.455966 0.0272095 
0.276914 0.460594 
0.668116 0.0271781 
0.428933 0.00795678 
0.287964 0.360485 
0.871308 0.111899 
0.742581 0.227289 
0.426442 0.493905 
0.585227 0.46709 
0.702173 0.231317 
0.172978 0.0543434 
0.450598 0.719009 
0.864208 0.0135913 
0.621901 0.636115 
0.341092 0.13907 
0.349383 0.111664 
0.356995 0.239446 
0.208796 0.226287 
0.91219 0.143898 
0.699993 0.345338 
0.283504 0.354446 
0.916308 0.0545715 
0.906108 0.155618 
0.5068 0.0117762 
0.748617 0.427967 
0.0267811 0.00507758 
0.277735 0.25711 
0.990515 0.0163399 
0.531694 0.805201 
0.709208 0.218199 
0.202706 0.0243944 
0.706346 1.363e-05 
0.600186 4.11255e-06 
0.239049 0.23475 
0.993765 0.0090409 
0.19562 0.00703013 
0.165552 0.286306 
0.709707 0.00678268 
0.412913 0.0112107 
0.332801 0.433054 
0.804149 0.0548668 
0.464212 0.650487 
0.259101 0.392954 
0.620803 0.595735 
0.782362 0.0407554 
0.0669156 0.0592105 
0.611461 0.448454 
0.646925 0.441525 
0.310748 0.216521 
0.928896 0.0148947 
0.503058 0.857734 
0.594509 0.67693 
0.18547 0.320975 
0.199054 0.32997 
0.574735 0.663817 
0.451937 0.0812188 
0.162644 0.115522 
0.464028 0.704491 
0.323865 0.223398 
0.725285 0.00169477 
0.72614 0.0271462 
0.356784 0.446801 
0.399455 0.551449 
0.291424 0.247592 
0.458117 0.460197 
0.346299 0.216612 
0.527715 0.437031 
0.155118 0.264079 
0.384991 0.446561 
0.828796 0.270739 
0.61948 0.169719 
0.405482 0.595608 
0.602136 0.172563 
0.108301 0.00148262 
0.207234 0.248978 
0.339938 0.113475 
0.645185 0.248717 
0.459801 0.0373541 
0.492224 0.845762 
0.605897 0.465151 
0.166302 0.245493 
0.518332 0.786854 
0.30535 0.331746 
0.497332 0.653274 
0.269813 0.00709372 
0.466626 0.042393 
0.200986 0.0165496 
0.591991 0.47368 
0.347988 0.465365 
0.138666 0.232583 
0.837692 0.0405952 
0.608692 0.565452 
0.551585 0.0685595 
0.42179 0.56763 
0.232397 0.327755 
0.141715 0.014536 
0.455279 0.6498 
0.633793 0.610603 
0.323713 0.233421 
0.276816 0.383976 
0.77031 0.0138236 
0.621793 0.208527 
0.85675 0.0290205 
0.192741 0.271069 
0.559248 0.515076 
0.0859128 0.03894 
0.312404 0.534647 
0.767288 0.00190334 
0.336839 0.118402 
0.424552 0.651594 
0.487314 0.776341 
0.154943 0.000272653 
0.898321 0.11502 
0.555449 0.495012 
0.242726 0.224136 
0.505987 0.822261 
0.831106 0.136865 
0.0863142 0.118564 
0.547778 0.0550432 
0.388531 0.0152366 
0.65171 0.109351 
0.0274443 0.00635681 
0.458888 0.793433 
0.788194 0.217961 
0.288687 0.470874 
0.347164 0.00420826 
0.837773 0.111432 
0.416403 0.503 
0.153374 0.244501 
0.366091 0.119831 
0.045581 0.078353 
0.197805 0.00851124 
0.384379 0.651344 
0.694646 0.0620029 
0.660715 0.26054 
0.869438 0.225238 
0.204354 0.0746472 
0.283582 0.0407833 
0.360388 0.562841 
0.590873 0.108307 
0.770451 0.220795 
0.106729 0.166645 
0.394303 0.670028 
0.353509 0.463444 
0.755174 0.386723 
0.443519 0.441719 
0.0852556 0.0553076 
0.846306 0.156043 
0.391443 0.676591 
0.35234 0.0372861 
0.697344 0.0541291 
0.426732 0.126798 
0.910103 0.0304528 
0.597313 0.108492 
0.0928071 0.109737 
0.399699 0.470238 
0.532083 0.488422 
0.162197 0.246112 
0.634104 0.116832 
0.56521 0.0587089 
0.60886 0.135983 
0.34157 0.570355 
0.501665 0.00217048 
0.284848 0.436924 
0.886894 0.0187249 
0.406437 0.593969 
0.904865 0.137114 
0.545216 0.65207 
0.738088 0.222853 
0.728872 0.0160763 
0.353659 0.169284 
0.332578 0.142602 
0.757522 0.0119172 
0.568954 0.000594972 
0.0251709 0.0296419 
0.534401 0.433251 
0.337804 0.258794 
0.798169 0.0208401 
0.447917 0.708093 
0.362688 0.616272 
0.931504 0.0635363 
0.499295 0.853591 
0.591353 0.489586 
0.494759 0.85269 
0.273096 0.223492 
0.815078 0.313155 
0.824763 0.217147 
0.541736 0.717512 
0.33061 0.487579 
0.363003 0.627785 
0.598473 0.653861 
0.152244 2.69033e-05 
0.726327 0.324982 
0.652728 0.438109 
0.952227 0.0554646 
0.515105 0.0209321 
0.243612 0.381335 
0.71002 0.501611 
0.611757 0.663475 
0.711242 0.473899 
0.669871 0.54455 
0.348954 0.568567 
0.11155 0.00362772 
0.568872 0.548068 
0.356223 0.544662 
0.606182 0.572062 
0.44084 0.736281 
0.336598 0.466927 
0.496796 0.817231 
0.646215 0.121788 
0.357553 0.611998 
0.161318 0.0339301 
0.794482 0.00169615 
0.748469 0.381212 
0.357886 0.0294289 
0.451516 0.778213 
0.595691 0.483777 
0.497412 0.761613 
0.587732 0.548066 
0.28889 0.337713 
0.622427 0.00397337 
0.824745 0.0748999 
0.643228 0.220425 
0.306782 0.434734 
0.918014 0.0334832 
0.418388 0.703656 
0.698234 0.217785 
0.346488 0.152497 
0.814189 0.101522 
0.471265 0.653556 
0.656028 0.0473676 
0.66141 0.460315 
0.326466 0.565018 
0.726294 0.337789 
0.306002 0.00871799 
0.553805 0.44743 
0.940008 0.00240766 
0.459636 0.467926 
0.288214 0.253827 
0.332625 0.575749 
0.671858 0.541286 
0.316511 0.114771 
0.527509 0.480024 
0.714364 0.467484 
0.433212 0.546466 
0.319736 0.10839 
0.654577 0.0433861 
0.418589 0.708934 
0.844252 0.159739 
0.576351 0.652361 
0.65748 0.263869 
0.689857 0.531566 
0.262279 0.400099 
0.668901 0.27573 
0.626849 0.639176 
0.335768 0.283796 
0.636866 0.615945 
0.564302 0.0974064 
0.872365 0.00217131 
0.645798 0.555297 
0.472817 0.655677 
0.0599469 0.054708 
0.44874 0.501493 
0.180692 0.282099 
0.30731 0.333693 
0.811107 0.0542338 
0.41641 0.0293116 
0.374618 0.20363 
0.309644 0.328156 
0.0405455 4.57581e-06 
0.819663 0.298675 
0.498235 0.841555 
0.29821 0.488183 
0.987036 0.0169494 
0.44404 0.0899183 
0.789294 0.254109 
0.606191 0.0206215 
0.71271 0.35867 
0.410297 0.478701 
0.190506 0.301099 
0.0817476 0.140639 
0.726825 0.335151 
0.367489 0.000521818 
0.596786 0.140151 
0.267275 0.453617 
0.366004 0.0103714 
0.586843 0.440633 
0.419313 0.0575118 
0.709752 0.278562 
0.395459 0.440644 
0.694938 0.0813022 
0.160822 0.041536 
0.555607 0.488084 
0.348275 0.169312 
0.12588 0.189584 
0.12694 0.0031734 
0.214119 0.2624 
0.38222 0.602705 
0.0855509 0.146108 
0.637885 0.128645 
0.61541 0.175922 
0.360498 0.231138 
0.559388 0.0992616 
0.286539 0.00212404 
0.229819 0.32995 
0.510366 0.439951 
0.315821 0.11379 
0.68415 0.222109 
0.590127 0.0004559 
0.300029 0.0583585 
0.277319 0.0465223 
0.674442 0.0158368 
0.415244 0.488197 
0.408774 0.545075 
0.670111 0.0678808 
0.384387 0.606192 
0.556074 0.766937 
0.85613 0.216725 
0.318438 0.00983513 
0.0731647 0.0676851 
0.387096 0.555221 
0.321386 0.5007 
0.530849 0.758346 
0.380525 0.00348904 
0.454138 0.488411 
0.708683 0.460393 
0.598194 0.6546 
0.547762 0.433158 
0.202031 0.298742 
0.505584 0.436759 
0.581401 0.0308725 
0.440131 0.490529 
0.711943 0.245209 
0.352486 0.217364 
0.102851 0.0341265 
0.754901 0.386526 
0.345877 0.00181214 
0.39348 0.677501 
0.396291 0.164978 
0.846778 0.0418757 
0.136397 0.233441 
0.781924 0.365832 
0.498493 0.854849 
0.658535 0.0562713 
0.377266 0.595456 
0.696894 0.280789 
0.114352 0.1165 
0.417919 0.452941 
0.431886 0.063826 
0.0853986 0.108745 
0.120464 0.193388 
0.0207701 0.0146053 
0.431055 0.733077 
0.223425 0.353125 
0.547313 0.433506 
0.705771 0.0137799 
0.615856 0.433452 
0.358323 0.0271401 
0.830668 0.0681158 
0.214154 0.221082 
0.31189 0.535556 
0.856505 0.0318083 
0.16129 0.0414473 
0.133643 0.163685 
0.179527 0.0131487 
0.376575 0.205701 
0.28963 0.0548337 
0.897331 0.173566 
0.87636 0.163387 
0.792585 0.0175093 
0.143261 0.237311 
0.979228 0.0135622 
0.384823 0.62571 
0.904509 0.0272764 
0.6373 0.122737 
0.542523 0.663716 
0.552927 0.659146 
0.817348 0.274048 
0.214651 0.0575893 
0.425013 0.126479 
0.57049 0.0127935 
0.614949 0.625257 
0.682242 0.312248 
0.66474 0.54177 
0.572919 0.49567 
0.47714 0.78579 
0.367753 0.196652 
0.664448 0.443694 
0.298452 0.298313 
0.463372 0.0414143 
0.482979 0.0245889 
0.191312 0.221688 
0.729346 0.383282 
0.480992 0.771969 
0.0348743 0.0465156 
0.0917017 0.158791 
0.68281 0.115933 
0.159549 0.220895 
0.320182 0.310806 
0.0680981 0.116924 
0.0929137 0.0509829 
0.598484 0.654625 
0.819666 0.228565 
0.896113 0.0035817 
0.70765 0.289832 
0.59462 0.000868901 
0.616 0.633917 
0.491544 0.443631 
0.692292 0.297697 
0.584502 0.658024 
0.738941 0.222061 
0.787731 0.365474 
0.157667 0.137084 
0.912286 0.142089 
0.162647 0.150593 
0.432124 0.523493 
0.310928 0.21653 
0.648057 0.121099 
0.383841 0.657132 
0.614145 0.627334 
0.747647 0.00342271 
0.172531 0.0253918 
0.380017 0.19765 
0.572321 0.740492 
0.532703 0.0507612 
0.319675 0.527993 
0.783924 0.260696 
0.175675 0.222981 
0.272181 0.231998 
0.210279 0.217427 
0.172552 0.216807 
0.400137 0.571272 
0.88192 0.163867 
0.352699 0.460076 
0.259418 0.435723 
0.631633 0.00171799 
0.659385 0.436644 
0.729058 0.233903 
0.4222 0.51265 
0.211467 0.0275436 
0.129201 0.115354 
0.641204 0.186193 
0.416532 0.00676748 
0.167164 0.00803789 
0.392888 0.460385 
0.559886 0.0855387 
0.460442 0.0277109 
0.472371 0.682508 
0.450097 0.717291 
0.0828353 0.121844 
0.163005 0.257977 
0.335585 0.256271 
0.726161 0.352358 
0.335004 0.146752 
0.0491453 0.077067 
0.367667 0.607657 
0.344517 0.0474203 
0.112087 0.00120779 
0.713626 0.218598 
0.910068 0.0541667 
0.40051 0.690317 
0.748706 0.324867 
0.3861 0.602278 
0.330587 0.137022 
0.860867 0.131028 
0.528779 0.481055 
0.328442 0.0783545 
0.591975 0.543882 
0.930342 0.115092 
0.540402 0.712291 
0.512871 0.650365 
0.659142 0.15737 
0.415458 0.0275506 
0.662268 0.138072 
0.165128 0.115975 
0.641916 0.18289 
0.657599 0.483957 
0.416998 0.576684 
0.344031 0.0509928 
0.70745 0.0598883 
0.142714 0.135488 
0.542899 0.506679 
0.032219 0.0524475 
0.307187 0.298636 
0.272416 0.217803 
0.673231 0.453753 
0.741803 0.012369 
0.2824 0.0491717 
0.230565 0.382278 
0.455283 0.0695887 
0.728884 0.46874 
0.447692 0.656708 
0.917904 0.126969 
0.604189 0.651736 
0.838084 0.0408927 
0.094327 0.159038 
0.754833 0.410657 
0.789806 0.278686 
0.278201 0.373076 
0.632192 0.433863 
0.723083 0.371117 
0.699021 0.344443 
0.112694 0.108898 
0.434049 0.0816686 
0.585216 0.555661 
0.673132 0.0753318 
0.324746 0.291709 
0.315964 0.0953559 
0.33242 0.125601 
0.119301 0.206397 
0.854 0.0160211 
0.297444 0.513002 
0.853973 0.0278306 
0.792276 0.243916 
0.329258 0.0543848 
0.75613 0.405993 
0.957842 0.0305029 
0.615794 0.44032 
0.565577 0.112483 
0.366407 0.231097 
0.233848 0.0254315 
0.458884 0.495755 
0.413574 0.716326 
0.383395 0.609378 
0.618504 0.203543 
0.803371 0.0901139 
0.523699 0.785065 
0.218653 0.257237 
0.452703 0.456746 
0.641156 0.456697 
0.368295 0.19791 
0.423195 0.73093 
0.166294 0.2859 
0.806799 0.0571224 
0.324179 0.270635 
0.200266 0.0812457 
0.228132 0.32648 
0.205784 0.244659 
0.868345 0.224385 
0.670223 0.433322 
0.850988 0.0412691 
0.710202 0.0653359 
0.66928 0.07498 
0.826716 0.270642 
0.44008 0.734305 
0.889042 0.186489 
0.61585 0.110533 
0.767477 0.348178 
0.415337 0.714969 
0.852595 0.143834 
0.421534 0.027653 
0.347795 0.15236 
0.102344 0.0114208 
0.35676 0.166622 
0.821922 0.0816392 
0.0987181 0.110091 
0.481339 0.833465 
0.815627 0.0990315 
0.458164 0.0552399 
0.375917 0.622511 
0.272304 0.339141 
0.0382947 0.0662841 
0.722739 0.466488 
0.284299 0.478472 
0.527011 0.680435 
0.334814 0.2843 
0.595528 0.164187 
0.215377 0.0274865 
0.461581 0.661416 
0.656456 0.267473 
0.190162 0.216863 
0.759011 0.339468 
0.394339 0.568656 
0.267686 0.45629 
0.83713 0.227029 
0.582577 0.504147 
0.52279 0.0339719 
0.841029 0.0439812 
0.683679 0.00605462 
0.143842 0.0138626 
0.157544 0.245531 
0.570933 0.715711 
0.33314 0.571836 
0.18287 0.22371 
0.507636 0.839079 
0.603817 0.612522 
0.473062 0.78489 
0.289806 0.495125 
0.545127 0.487363 
0.19634 0.282381 
0.150008 0.164508 
0.412543 0.54812 
0.70045 0.346968 
0.322067 0.522683 
0.502512 0.757772 
0.450161 0.762424 
0.596057 0.697108 
0.306541 0.0635425 
0.701465 0.0156519 
0.55384 0.52531 
0.971196 0.0446164 
0.841485 0.259067 
0.40227 0.436451 
0.414206 0.472903 
0.718805 0.270477 
0.448168 0.0590457 
0.0977292 0.154875 
0.45146 0.651544 
0.849034 0.139364 
0.668118 0.248903 
0.171919 0.0809918 
0.457436 0.0339739 
0.72538 0.36221 
0.694483 0.282216 
0.883614 0.119327 
0.900579 0.110027 
0.602102 0.0135878 
0.31811 0.548247 
0.830889 0.0171991 
0.605861 0.568964 
0.446385 0.439884 
0.339517 0.263035 
0.736661 0.449931 
0.613431 0.181862 
0.563759 0.487384 
0.958462 0.063367 
0.975174 0.00768927 
0.0884795 0.144419 
0.0770053 0.00141067 
0.45077 0.450404 
0.490229 0.822025 
0.349778 0.54387 
0.883294 0.173358 
0.490539 0.00938254 
0.949591 0.0813765 
0.600626 0.145472 
0.521102 0.773023 
0.858057 0.132046 
0.681159 0.487887 
0.638866 0.561854 
0.619668 0.163131 
0.72989 0.343521 
0.604556 0.654688 
0.467403 0.677197 
0.948858 0.0846806 
0.891183 0.186068 
0.457431 0.717812 
0.535955 0.65743 
0.668492 0.288183 
0.110707 0.189555 
0.483067 0.0292226 
0.275247 0.442859 
0.104113 0.0177755 
0.277965 0.000212675 
0.27167 0.226656 
0.0558157 0.0102821 
0.524149 0.659703 
0.464184 0.438351 
0.150737 0.138731 
0.138137 0.1919 
0.148915 0.115763 
0.214459 0.250934 
0.635529 0.166967 
0.289409 0.439795 
0.452154 0.0756957 
0.96139 0.0122937 
0.423219 0.0145822 
0.659563 0.112591 
0.718046 0.0549744 
0.44394 0.705445 
0.610937 0.433121 
0.723596 0.329412 
0.841604 0.0561375 
0.328621 0.080304 
0.697191 0.449577 
0.791268 0.0678763 
0.565513 0.0982482 
0.612962 0.555222 
0.4034 0.678304 
0.801625 0.32579 
0.737425 0.396008 
0.276325 0.370023 
0.356549 0.450774 
0.287458 0.216667 
0.21311 0.000222198 
0.688727 0.43503 
0.543399 0.680023 
0.849635 0.0303809 
0.613848 0.433457 
0.623357 0.192286 
0.320272 0.554622 
0.112801 0.180048 
0.206372 0.351907 
0.369456 0.602665 
0.744307 0.408511 
0.441851 0.514698 
0.378001 0.545608 
0.198026 0.279137 
0.639684 0.458288 
0.706679 0.466122 
0.558347 0.0050754 
0.451185 0.778087 
0.308116 0.274761 
0.641706 0.123291 
0.592214 0.543863 
0.317636 0.0814019 
0.408114 0.00259087 
0.410922 0.0588194 
0.652424 0.595399 
0.151595 0.135647 
0.577616 0.457572 
0.850745 0.108525 
0.650809 0.029399 
0.6135 0.558185 
0.0554059 0.0113662 
0.145685 0.0170209 
0.580909 0.542542 
0.949743 0.0681431 
0.387122 0.0136461 
0.355 0.034257 
0.262278 0.406029 
0.436252 0.542117 
0.45341 0.433506 
0.809771 0.00361634 
0.708572 0.487693 
0.854777 0.139183 
0.596993 0.108742 
0.332676 0.573514 
0.651013 0.542971 
0.321706 0.548674 
0.2907 0.334289 
0.553924 0.0101498 
0.566341 0.652958 
0.299497 0.0579885 
0.587381 0.541907 
0.131292 0.108333 
0.39918 0.173752 
0.573076 0.0859177 
0.598426 0.139029 
0.713583 0.353952 
0.289652 0.230891 
0.335543 0.060895 
0.812781 0.000464585 
0.930809 0.0111401 
0.603347 0.118033 
0.760433 0.392951 
0.64665 0.116942 
0.370191 0.63012 
0.603638 0.57018 
0.933845 0.100653 
0.427849 0.712272 
0.174106 0.0764775 
0.348184 0.154399 
0.196906 0.0833047 
0.276796 0.247901 
0.740417 0.380889 
0.599935 0.0343661 
0.912667 0.117187 
0.603655 0.612488 
0.639536 0.231525 
0.415736 0.68378 
0.598917 0.478077 
0.448762 0.514891 
0.479645 0.464775 
0.519422 0.817096 
0.449609 0.0851117 
0.388354 0.544667 
0.41036 0.0330007 
0.0593124 0.0816264 
0.698384 0.0187432 
0.00362869 0.0038529 
0.966989 0.0502237 
0.915857 0.11006 
0.68905 0.327121 
0.303164 0.327398 
0.424643 0.00475921 
0.471838 0.8132 
0.852334 0.227856 
0.310464 0.32659 
0.370404 0.62957 
0.354408 0.0304463 
0.636647 0.614915 
0.917306 0.00392484 
0.551692 0.0148804 
0.168246 0.235989 
0.743228 0.441564 
0.306815 0.279362 
0.370162 0.224617 
0.602339 0.548299 
0.404943 0.474495 
0.347322 0.135449 
0.330011 0.0706214 
0.469675 0.691041 
0.790145 0.0627667 
0.626028 0.433075 
0.546954 0.507556 
0.114756 0.0177357 
0.66881 0.450947 
0.139822 0.0253851 
0.903971 0.0427721 
0.543225 0.439335 
0.0763343 0.054235 
0.766355 0.025587 
0.440083 0.759496 
0.644128 0.10871 
0.80157 0.270726 
0.0475718 0.0746398 
0.325774 0.271308 
0.566172 0.545052 
0.338152 0.00256053 
0.668659 0.465366 
0.721518 0.324775 
0.454609 0.704415 
0.0465957 0.0135368 
0.877925 0.207839 
0.427602 0.0694703 
0.715066 0.47871 
0.197894 0.325732 
0.0650844 0.00362409 
0.67553 0.290409 
0.573312 0.737561 
0.282125 0.268693 
0.465057 0.00639668 
0.458263 0.0695678 
0.752539 0.328779 
0.611349 0.564129 
0.711603 0.243625 
0.160807 0.0280214 
0.598795 0.434401 
0.338931 0.25182 
0.518382 0.0284134 
0.850203 0.217368 
0.740455 0.395167 
0.34835 0.169633 
0.571853 0.115653 
0.731349 0.220848 
0.226835 0.391919 
0.299372 0.301794 
0.827682 0.0209332 
0.261168 0.447281 
0.51089 0.434414 
0.419217 0.0309155 
0.967016 0.0507503 
0.451302 0.45681 
0.906446 0.0271168 
0.365586 0.0154018 
0.166612 0.00692645 
0.417523 0.438841 
0.0532524 0.0819698 
0.0109528 0.0135891 
0.786717 0.00845775 
0.629233 0.544683 
0.933752 0.0949334 
0.431679 0.652717 
0.137866 0.163245 
0.461502 0.0651745 
0.740494 0.230484 
0.112571 0.122136 
0.388532 0.192843 
0.0667794 0.00549756 
0.174847 0.270686 
0.293185 0.358167 
0.552019 0.490913 
0.545278 0.724368 
0.361035 0.183 
0.659765 0.249596 
0.389147 0.670253 
0.339857 0.249503 
0.767229 0.402688 
0.701472 0.218417 
0.931338 0.00703523 
0.757342 0.391364 
0.423327 0.704495 
0.653301 0.0287209 
0.961762 0.0390502 
0.951888 0.0549921 
0.869477 0.16285 
0.245684 0.409452 
0.883194 1.3425e-05 
0.691543 0.276737 
0.485325 0.833676 
0.326361 0.502627 
0.831702 0.111643 
0.575254 0.542615 
0.51644 0.664381 
0.372632 0.191642 
0.460058 0.0373268 
0.272218 0.0113926 
0.6278 0.109321 
0.54255 0.465237 
0.487523 0.670195 
0.504728 0.857609 
0.463793 0.478554 
0.235983 0.40091 
0.243795 0.385678 
0.729209 0.394148 
0.397597 0.441153 
0.361719 0.61289 
0.906933 0.0475785 
0.558917 0.490966 
0.50234 0.856438 
0.229782 0.332447 
0.817809 0.0812956 
0.674496 0.545168 
0.619786 0.169147 
0.427376 0.705444 
0.89652 0.00259351 
0.176798 0.284193 
0.732832 0.232433 
0.532137 0.483796 
0.652673 0.541518 
0.503477 0.842772 
0.229818 0.00561618 
0.302875 0.0566824 
0.870532 0.203414 
0.819479 0.0879648 
0.167826 0.0602745 
0.829028 0.241671 
0.647961 0.135956 
0.416338 0.0270925 
0.723805 0.000969627 
0.124118 0.211159 
0.373762 0.643621 
0.176565 0.223342 
0.13746 0.00339367 
0.0730497 0.0619657 
0.737926 0.343578 
0.509511 0.448623 
0.310139 0.0981738 
0.274721 0.440929 
0.42582 0.717184 
0.809809 0.21688 
0.285687 0.0327906 
0.42513 0.707243 
0.645421 0.433892 
0.357164 0.17878 
0.820394 0.120997 
0.304515 0.226669 
0.554164 0.0935103 
0.537893 0.00872226 
0.721379 0.244683 
0.0612123 0.10583 
0.418856 0.707929 
0.386646 0.561198 
0.240388 0.381576 
0.972081 0.0312962 
0.812309 0.318073 
0.55242 0.758301 
0.178088 0.227267 
0.569783 0.64955 
0.237112 0.397153 
0.831143 0.275394 
0.641975 0.0236804 
0.882712 0.203003 
0.294057 0.00434902 
0.892614 0.138624 
0.408181 0.00318584 
0.0280298 0.0414411 
0.574639 0.703764 
0.579203 0.676613 
0.306018 0.524788 
0.568772 0.440254 
0.841357 0.00253742 
0.217099 0.273386 
0.73619 0.0135329 
0.337225 0.13701 
0.366446 0.121996 
0.0162436 0.0272882 
0.189667 0.101857 
0.638575 0.0229957 
0.265056 0.350797 
0.544521 0.719854 
0.428362 0.0919238 
0.872819 0.205937 
0.694131 0.521851 
0.197645 0.340948 
0.631738 0.636127 
0.700252 0.0553985 
0.652934 0.16577 
0.0710132 0.0680219 
0.188435 0.32561 
0.793528 0.220578 
0.465539 0.460325 
0.345807 0.5702 
0.161931 0.245371 
0.426283 0.127306 
0.228953 0.223988 
0.530196 0.698223 
0.627577 0.00435687 
0.413429 0.0552102 
0.542397 0.452095 
0.205328 0.0291267 
0.47208 0.812433 
0.355794 0.463678 
0.289197 0.0101496 
0.4186 0.0749534 
0.618273 0.622472 
0.666572 0.00241827 
0.707934 0.218066 
0.765944 0.3925 
0.714251 0.46358 
0.809473 0.326137 
0.50477 0.857261 
0.315344 0.0965189 
0.334284 0.54411 
0.521075 0.814035 
0.742884 0.228829 
0.569931 0.0545751 
0.577008 0.565956 
0.464698 0.00511425 
0.914115 0.0672354 
0.603048 0.470874 
0.697825 0.0711512 
0.635722 0.220744 
0.486906 0.758243 
0.293028 0.324856 
0.749377 0.434022 
0.902651 0.152748 
0.539285 0.445924 
0.235958 0.0154284 
0.466354 0.784908 
0.137615 0.00348872 
0.320367 0.121872 
0.621273 0.439362 
0.919954 0.131117 
0.32515 0.301103 
0.379806 0.653749 
0.702832 0.345322 
0.947896 0.0559393 
0.305869 0.444018 
0.220537 0.0406683 
0.854168 0.116935 
0.426986 0.10944 
0.522627 0.650591 
0.542059 0.0351078 
0.0298277 0.0277559 
0.30341 0.439839 
0.701141 0.500671 
0.545097 0.487437 
0.442929 0.746624 
0.395955 0.595426 
0.0842 0.00289567 
0.20067 0.345925 
0.604696 0.000214026 
0.0537347 0.0117675 
0.550922 0.0881194 
0.353193 0.0161791 
0.0279321 0.0004361 
0.647034 0.0377145 
0.700119 0.487272 
0.66066 0.271081 
0.399149 0.473617 
0.0944055 0.000846671 
0.772974 0.39077 
0.667179 0.275787 
0.360998 0.239449 
0.324 0.114534 
0.0953751 0.110084 
0.840279 0.0444116 
0.0914703 6.77269e-05 
0.690571 0.0858599 
0.201223 0.0237688 
0.299714 0.453418 
0.460162 0.769854 
0.75703 0.390743 
0.7209 0.328435 
0.600177 0.606443 
0.715079 0.490536 
0.816558 0.303748 
0.477255 0.470445 
0.182933 0.301292 
0.07185 0.0677834 
0.21696 0.375138 
0.392732 0.0304958 
0.599096 0.166228 
0.608558 0.163713 
0.669714 0.272327 
0.45584 0.786039 
0.883219 0.120096 
0.848306 0.221002 
0.0728896 0.12349 
0.133014 0.226708 
0.348325 0.440284 
0.081598 0.0734264 
0.322482 0.502605 
0.42142 0.670508 
0.436635 0.109628 
0.660449 0.433067 
0.258127 0.391004 
0.0925657 0.149704 
0.640769 0.162514 
0.886183 0.109174 
0.0367874 0.00689137 
0.901339 0.164115 
0.581413 0.03151 
0.077791 0.0678135 
0.579657 0.0161498 
0.163619 0.14723 
0.772312 0.00137971 
0.195306 0.311208 
0.561801 0.730964 
0.0129577 0.0205297 
0.581037 0.559821 
0.157978 0.155938 
0.87269 0.108844 
0.615396 0.162488 
0.411471 0.0450373 
0.435151 0.541844 
0.261188 0.450792 
0.682538 0.279112 
0.442453 0.441107 
0.400844 0.0277408 
0.191516 0.0880648 
0.745926 0.000237563 
0.734021 0.000119041 
0.242882 0.386505 
0.443922 0.528422 
0.836299 0.280949 
0.659022 0.137147 
0.399636 0.00867948 
0.600619 0.691637 
0.139303 0.123582 
0.493001 0.434126 
0.727723 0.0339094 
0.635683 0.123056 
0.565278 0.747756 
0.0232283 0.0372418 
0.698687 0.0592142 
0.787135 0.252903 
0.806918 0.0544445 
0.321971 0.49651 
0.59514 0.462484 
0.974524 0.00983463 
0.705921 0.0560069 
0.767418 0.0153652 
0.144813 0.247384 
0.833089 0.00137663 
0.575387 0.55908 
0.575512 0.544755 
0.124164 0.214129 
0.385423 0.602658 
0.149753 0.142641 
0.680063 0.217154 
0.599251 0.00857666 
0.801564 0.0609801 
0.403697 0.000123474 
0.331476 0.141114 
0.420273 0.0291915 
0.6456 0.018317 
0.755778 0.409188 
0.858099 0.218285 
0.715843 0.366662 
0.502341 0.839074 
0.221614 0.366628 
0.818029 0.0613706 
0.641698 0.109266 
0.416383 0.0701968 
0.420079 0.00280527 
0.51383 0.774264 
0.357287 0.243796 
0.298411 0.0241908 
0.596428 0.478219 
0.224917 0.325054 
0.332844 0.447607 
0.542598 0.721146 
0.333343 0.230613 
0.793668 0.00457668 
0.676592 0.0171478 
0.320711 0.122235 
0.541156 0.503662 
0.611512 0.618744 
0.440178 0.536202 
0.207494 0.339035 
0.759994 0.00713614 
0.377466 0.112383 
0.574681 0.0173784 
0.410027 0.480533 
0.193606 0.281101 
0.271633 0.00985802 
0.57094 0.525213 
0.165953 0.0635227 
0.758065 0.389406 
0.571608 0.0922651 
0.91501 0.0625336 
0.399083 0.650633 
0.34897 0.439931 
0.287702 0.0339359 
0.20039 0.299619 
0.729078 0.433562 
0.344156 0.594159 
0.408902 0.151016 
0.664881 0.011024 
0.551393 0.765597 
0.163616 0.0278299 
0.415824 0.11757 
0.775591 0.328368 
0.411447 0.488198 
0.330381 0.570074 
0.135582 0.19124 
0.200803 0.287972 
0.779447 0.326664 
0.783861 0.0044629 
0.308193 0.311704 
0.214732 0.0458447 
0.294625 0.500884 
0.838907 0.0621905 
0.722905 0.384335 
0.277276 0.223363 
0.676431 0.276242 
0.230794 0.0196702 
0.603544 0.0368189 
0.655908 0.0533181 
0.476003 0.00678156 
0.919085 0.0205102 
0.725747 0.336191 
0.528746 0.802276 
0.11839 0.196546 
0.319623 0.553436 
0.235304 0.34511 
0.447885 0.721594 
0.342676 0.481862 
0.917665 0.14256 
0.615258 0.0099455 
0.407831 0.676783 
0.285673 0.26137 
0.856349 0.220874 
0.336224 0.487197 
0.487146 0.437278 
0.0526032 0.0707786 
0.95881 0.00704421 
0.491838 0.660263 
0.944987 0.0884888 
0.544265 0.0719615 
0.35478 0.006991 
0.876895 0.203054 
0.474741 0.439992 
0.0520905 0.0678112 
0.851097 0.0277094 
0.204769 0.347677 
0.359144 0.183016 
0.828565 0.129187 
0.418703 0.127258 
0.244489 0.414566 
0.754742 0.412729 
0.564455 0.111425 
0.718299 0.000667591 
0.539136 0.00688496 
0.879851 0.203862 
0.369019 0.44332 
0.926237 0.0613556 
0.856017 0.235827 
0.714153 0.440683 
0.799407 0.0765922 
0.295373 0.454059 
0.319282 0.297749 
0.334144 0.250401 
0.952356 0.0256447 
0.576243 0.507523 
0.261133 0.411698 
0.308107 0.433853 
0.618366 0.657401 
0.799094 0.230468 
0.319409 0.119315 
0.716081 0.0543621 
0.302461 0.441842 
0.41489 0.659709 
0.0952808 0.0274905 
0.408322 0.652679 
0.607516 0.67282 
0.829463 0.122212 
0.0495507 0.0845815 
0.631046 0.604775 
0.340265 0.0447051 
0.591697 0.692772 
0.85344 0.124398 
0.787546 0.0108624 
0.541789 0.786174 
0.603068 0.0142864 
0.716273 0.35357 
0.255277 0.43369 
0.821042 0.109316 
0.281694 0.047436 
0.905372 0.0486296 
0.280205 0.326569 
0.644133 0.10883 
0.354403 0.111638 
0.770527 0.219908 
0.66873 0.129611 
0.793451 0.342425 
0.587147 0.11969 
0.0994766 0.111862 
0.240918 0.389934 
0.301476 0.304525 
0.176379 0.0135527 
0.64607 0.22375 
0.195167 0.0118526 
0.324994 0.0689438 
0.336828 0.461354 
0.332459 0.0304996 
0.570754 0.443849 
0.143171 0.184478 
0.419001 0.707956 
0.290177 0.0651349 
0.604151 0.176792 
0.041292 0.0290058 
0.628757 0.114386 
0.269095 0.383971 
0.19091 0.298554 
0.969339 0.0482089 
0.513308 0.827126 
0.10206 0.0380134 
0.619577 0.169636 
0.0765732 0.0156791 
0.590876 0.705007 
0.485506 0.840384 
0.268564 0.0304624 
0.677281 0.0547912 
0.31508 0.0583712 
0.636577 0.220051 
0.740149 0.442778 
0.295937 0.0279421 
0.159276 0.00436863 
0.54482 0.00349651 
0.717215 0.267893 
0.677662 0.543875 
0.519015 0.682081 
0.166177 0.0166247 
0.522763 0.0343449 
0.283667 0.462518 
0.590571 0.589476 
0.638012 0.23015 
0.271322 0.0290231 
0.473731 0.690257 
0.89132 0.0140154 
0.590445 0.481008 
0.463994 0.676588 
0.864671 0.00899924 
0.165228 0.225264 
0.636081 0.612443 
0.392056 0.651243 
0.372175 0.62333 
0.326594 0.290933 
0.219908 0.367257 
0.164239 0.284271 
0.79436 0.0714665 
0.831714 0.019523 
0.488654 0.775278 
0.282362 0.48732 
0.839741 0.249522 
0.928764 0.081202 
0.835912 0.283362 
0.389606 0.620606 
0.688759 0.534723 
0.838765 0.0289142 
0.522135 0.471212 
0.681546 0.226279 
0.666804 0.231824 
0.805515 0.271638 
0.349976 0.0274867 
0.389354 0.454455 
0.280101 0.35184 
0.295622 0.076541 
0.573878 0.0576682 
0.805836 0.00682534 
0.450281 0.058924 
0.34014 0.260758 
0.884549 0.165274 
0.830378 0.293522 
0.713483 0.0545531 
0.383415 0.602794 
0.451287 0.507635 
0.708642 0.0276251 
0.604684 0.0346881 
0.575835 0.0567142 
0.164649 0.227085 
0.521201 0.766717 
0.545005 0.456806 
0.178911 0.122708 
0.303308 0.435137 
0.651954 0.601024 
0.698853 0.304672 
0.654631 0.243676 
0.231772 0.329095 
0.20375 0.291156 
0.586909 0.487147 
0.573571 0.554834 
0.915523 0.00719206 
0.402293 0.466472 
0.254162 0.331069 
0.831305 0.140817 
0.448904 0.656371 
0.660297 0.262308 
0.404896 0.692459 
0.585634 0.703745 
0.574583 0.668753 
0.710074 0.332543 
0.414502 0.0396479 
0.587263 0.705568 
0.330989 0.244839 
0.31956 0.498372 
0.396197 0.137241 
0.268999 0.247821 
0.42094 0.457966 
0.548534 0.456764 
0.6973 0.287125 
0.661123 0.546244 
0.761059 0.332375 
0.267231 0.46194 
0.170885 0.231752 
0.791613 0.218221 
0.697055 0.273225 
0.397348 0.163229 
0.309098 0.533456 
0.610416 0.183951 
0.669653 0.434955 
0.131246 0.115155 
0.533789 0.677012 
0.912222 0.0572989 
0.710879 0.0271558 
0.739971 0.388579 
0.666115 0.0573371 
0.630999 0.543938 
0.277182 0.263236 
0.564922 0.541722 
0.669565 0.108791 
0.613931 0.00535194 
0.630174 0.16626 
0.764629 0.400895 
0.309855 0.531135 
0.508387 0.0140167 
0.897309 0.14388 
0.611672 0.625031 
0.3973 0.684312 
0.588218 0.477473 
0.847394 0.00625136 
0.115652 0.162871 
0.356716 0.446869 
0.130675 0.115075 
0.272725 0.362395 
0.204922 0.0572357 
0.47514 0.81256 
0.457 0.771344 
0.575593 0.125644 
0.414666 0.717716 
0.682478 0.545653 
0.670388 0.0748544 
0.257705 0.226782 
0.33434 0.488834 
0.468116 0.650372 
0.276687 0.465594 
0.113544 0.00711321 
0.436785 0.70388 
0.164708 0.226873 
0.672285 0.487579 
0.697968 0.225216 
0.597926 0.032147 
0.74479 0.325641 
0.450611 0.0835291 
0.613901 0.00761448 
0.59605 0.482303 
0.746785 0.222004 
0.823775 0.287998 
0.187892 0.311893 
0.239516 0.00700205 
0.392904 0.570582 
0.278165 0.261571 
0.149149 0.0112397 
0.689283 0.270859 
0.462061 0.649661 
0.587705 0.0542274 
0.94414 0.0882896 
0.505072 0.766442 
0.83004 0.287396 
0.332282 0.1154 
0.259097 0.325607 
0.819011 0.117266 
0.475982 0.792263 
0.347814 0.433259 
0.200511 0.0135325 
0.984532 0.0264356 
0.639628 0.129834 
0.439826 0.0948272 
0.432195 0.541323 
0.688179 0.433447 
0.351429 0.000225042 
0.563776 0.110449 
0.521971 0.649521 
0.362639 0.450035 
0.0777388 0.0745612 
0.671156 0.294528 
0.568286 0.659461 
0.861179 0.165385 
0.895288 0.163685 
0.446092 0.711546 
0.552658 0.773974 
0.196667 0.232342 
0.921956 0.135106 
0.078716 0.0139713 
0.271754 0.325108 
0.331853 0.00507836 
0.519168 0.790958 
0.324604 0.303358 
0.673194 0.509275 
0.433411 0.0947745 
0.534452 0.693862 
0.335517 0.012357 
0.290418 0.489271 
0.588595 0.464556 
0.536431 0.799225 
0.276773 0.00572317 
0.216284 0.0498485 
0.487621 0.774693 
0.206091 0.29096 
0.7055 0.436825 
0.850165 0.218843 
0.290869 0.0694901 
0.766164 0.35089 
0.723497 0.355391 
0.634431 0.435178 
0.306098 0.0649956 
0.754064 0.385653 
0.723554 0.358615 
0.365857 0.191733 
0.178796 0.123116 
0.33238 0.140948 
0.664464 0.0614255 
0.786255 0.260695 
0.342899 0.48122 
0.866496 0.174564 
0.746129 0.41108 
0.598947 0.0034457 
0.614249 0.542759 
0.541382 0.503413 
0.283664 0.273003 
0.730054 0.230095 
0.45929 0.497804 
0.602342 0.13664 
0.262267 0.406637 
0.363544 0.108494 
0.0766172 0.000475775 
0.672898 0.271559 
0.474311 0.0287657 
0.431967 0.0972588 
0.153468 0.157049 
0.700256 0.502042 
0.330664 0.293159 
0.596063 0.649714 
0.316835 0.514938 
0.597142 0.655388 
0.106646 0.13027 
0.279438 0.266963 
0.392742 0.130457 
0.213474 0.326879 
0.226565 0.0405421 
0.793559 0.345917 
0.905305 0.16391 
0.380291 0.193281 
0.084768 0.109155 
0.510111 0.814444 
0.261498 0.451963 
0.198336 0.0879842 
0.32032 0.524361 
0.837329 0.149563 
0.204142 0.339168 
0.639324 0.563466 
0.32699 0.0012974 
0.552638 0.0712039 
0.708579 0.218337 
0.251605 0.325355 
0.224987 0.389226 
0.782534 0.00200293 
0.594913 0.589988 
0.129236 0.195399 
0.571553 0.660096 
0.80705 0.0546155 
0.1915 0.329834 
0.364571 0.123959 
0.543719 0.438087 
0.0715413 0.0552995 
0.21462 0.247329 
0.35604 0.181128 
0.867352 0.223497 
0.568739 0.71381 
0.524812 0.0105733 
0.262998 0.434799 
0.208301 0.0279294 
0.391763 0.649532 
0.466596 0.0578407 
0.136861 0.233561 
0.322804 0.288189 
0.302577 0.436112 
0.567516 0.653936 
0.654639 0.482287 
0.715763 0.437987 
0.397048 0.548536 
0.557317 0.73938 
0.704999 0.294115 
0.383261 0.634721 
0.282766 0.433515 
0.267755 0.396076 
0.568447 0.739278 
0.604142 0.545614 
0.128959 0.113395 
0.386164 0.626356 
0.150763 0.0410184 
0.851167 0.145492 
0.647147 0.0341316 
0.322615 0.0817418 
0.707713 0.342839 
0.274348 0.324768 
0.142435 0.0203261 
0.810962 0.0545639 
0.5112 0.0193956 
0.796218 0.325724 
0.448504 0.51452 
0.609171 0.0138583 
0.154675 0.148862 
0.649243 0.470278 
0.324772 0.12179 
0.258974 0.00708462 
0.239172 0.220035 
0.367706 0.109148 
0.309088 0.52002 
0.680959 0.440272 
0.709811 0.363271 
0.534471 0.707348 
0.485174 0.456786 
0.73926 0.446546 
0.322913 0.555336 
0.411568 0.477414 
0.513216 0.437072 
0.370519 0.11508 
0.41563 0.665712 
0.197894 0.298781 
0.597996 0.00592357 
0.353993 0.0160477 
0.600878 0.148923 
0.604169 0.602173 
0.0653961 0.0820666 
0.856839 0.0204604 
0.200588 0.291492 
0.104568 0.0283577 
0.407508 0.0279095 
0.672694 0.078681 
0.519795 0.467278 
0.701267 0.239387 
0.598866 0.0359101 
0.782657 0.0288109 
0.396399 0.597992 
0.825126 0.287661 
0.379612 0.438555 
0.848238 0.000107628 
0.486948 0.664123 
0.242633 0.227079 
0.348898 0.59963 
0.0755221 0.0830007 
0.418624 0.0205857 
0.606762 0.162912 
0.65288 0.0446803 
0.54975 0.649609 
0.228452 0.388828 
0.78828 0.0651269 
0.0424276 0.00746622 
0.67719 0.0812867 
0.837743 0.272351 
0.180862 0.0958586 
0.167445 0.05459 
0.840401 0.139241 
0.237682 0.220911 
0.549968 0.0729497 
0.755179 0.387357 
0.705053 0.0571283 
0.30212 0.00780977 
0.613631 0.629342 
0.556992 0.518194 
0.708087 0.0618449 
0.914834 0.0662331 
0.348551 0.113125 
0.837835 0.280571 
0.663035 0.115102 
0.160684 0.217412 
0.112115 0.0146428 
0.325148 0.291844 
0.074016 0.019693 
0.512979 0.446764 
0.642283 0.240666 
0.289713 6.65538e-05 
0.158345 0.0306085 
0.541796 0.680893 
0.535913 0.027422 
0.439348 0.706207 
0.432847 0.541585 
0.658584 0.489697 
0.336158 0.229219 
0.215903 0.219943 
0.426461 0.0713425 
0.367081 0.548215 
0.144475 2.23593e-06 
0.52085 0.829379 
0.528461 0.759627 
0.361899 0.455122 
0.730665 0.230269 
0.665703 0.250633 
0.705936 0.28898 
0.208606 0.0272394 
0.803167 0.279098 
0.511964 0.831767 
0.750651 0.43134 
0.494794 0.653752 
0.325557 0.453892 
0.454412 0.511745 
0.211078 0.0131233 
0.287467 0.442436 
0.0439602 0.0319465 
0.323866 0.220433 
0.485401 0.826911 
0.666181 0.277532 
0.924403 0.108281 
0.216622 0.274135 
0.117817 0.0110244 
0.930456 0.0541299 
0.453839 0.0797235 
0.292289 0.249067 
0.270717 0.0290097 
0.785879 0.0281344 
0.604743 0.568338 
0.0804082 0.00175353 
0.589179 0.433966 
0.0823559 0.113333 
0.672706 0.23695 
0.696032 0.447789 
0.0599888 0.081205 
0.547466 0.663651 
0.636003 0.433403 
0.453162 0.453346 
0.477943 0.00687817 
0.237225 0.326029 
0.824084 0.00695127 
0.335057 0.0351286 
0.167829 0.216747 
0.287514 0.225952 
0.183766 0.220185 
0.32157 0.122878 
0.34562 0.04362 
0.606828 0.678297 
0.26763 0.0296138 
0.52086 0.000183353 
0.573538 0.113343 
0.808245 0.302892 
0.582211 0.649783 
0.167247 0.230897 
0.720151 0.0427654 
0.272189 0.338716 
0.409845 0.492427 
0.495639 0.815749 
0.883626 0.108496 
0.509616 0.821629 
0.269172 0.356898 
0.682512 0.302455 
0.471812 0.690277 
0.914297 0.0612193 
0.341965 0.0490525 
0.266756 0.0249907 
0.584897 0.495465 
0.335567 0.0106821 
0.815316 0.00482082 
0.478374 0.794356 
0.178094 0.115549 
0.361133 0.239411 
0.675247 0.505759 
0.0638325 0.110527 
0.532965 0.0435023 
0.98953 0.000258478 
0.915739 0.111138 
0.512969 0.813908 
0.614456 0.556145 
0.205856 0.0722288 
0.646292 0.440078 
0.332599 0.230042 
0.259997 0.412942 
0.315039 0.218332 
0.450245 0.70513 
0.302872 0.333218 
0.575126 0.732243 
0.168879 0.0136267 
0.551658 0.488441 
0.645524 0.448183 
0.851459 0.223449 
0.176021 0.121997 
0.922876 0.0541557 
0.240369 0.41538 
0.836371 0.00749022 
0.339257 0.13915 
0.814131 0.313892 
0.369959 0.162486 
0.353433 0.164187 
0.154021 0.15736 
0.137231 0.216534 
0.700684 0.50149 
0.744422 0.382323 
0.790361 0.0651747 
0.20992 0.353532 
0.0896953 0.000150762 
0.198457 0.332585 
0.585057 0.0136411 
0.883885 0.190428 
0.307965 0.100239 
